0.000000000000000000e+00 1.000469999999999970e+00
1.470588235294117627e-02 1.180229999999999890e+00
2.941176470588235253e-02 1.237179999999999946e+00
4.411764705882352533e-02 1.255540000000000100e+00
5.882352941176470507e-02 1.261579999999999924e+00
7.352941176470588480e-02 1.263779999999999903e+00
8.823529411764705066e-02 1.264539999999999997e+00
1.029411764705882304e-01 1.265220000000000011e+00
1.176470588235294101e-01 1.265600000000000058e+00
1.323529411764705899e-01 1.266080000000000094e+00
1.470588235294117696e-01 1.266469999999999985e+00
1.617647058823529493e-01 1.266839999999999966e+00
1.764705882352941013e-01 1.267160000000000064e+00
1.911764705882352811e-01 1.267560000000000020e+00
2.058823529411764608e-01 1.267970000000000041e+00
2.205882352941176405e-01 1.268480000000000052e+00
2.352941176470588203e-01 1.268860000000000099e+00
2.500000000000000000e-01 1.269190000000000040e+00
2.647058823529411797e-01 1.269579999999999931e+00
2.794117647058823595e-01 1.270070000000000032e+00
2.941176470588235392e-01 1.270380000000000065e+00
3.088235294117647189e-01 1.270839999999999970e+00
3.235294117647058987e-01 1.271419999999999995e+00
3.382352941176470784e-01 1.271719999999999962e+00
3.529411764705882026e-01 1.272170000000000023e+00
3.676470588235293824e-01 1.272680000000000033e+00
3.823529411764705621e-01 1.272820000000000062e+00
3.970588235294117418e-01 1.273220000000000018e+00
4.117647058823529216e-01 1.273539999999999894e+00
4.264705882352941013e-01 1.273800000000000043e+00
4.411764705882352811e-01 1.274110000000000076e+00
4.558823529411764608e-01 1.274710000000000010e+00
4.705882352941176405e-01 1.275570000000000093e+00
4.852941176470588203e-01 1.275949999999999918e+00
5.000000000000000000e-01 1.276149999999999896e+00
5.147058823529411242e-01 1.276599999999999957e+00
5.294117647058823595e-01 1.276939999999999964e+00
5.441176470588234837e-01 1.277050000000000018e+00
5.588235294117647189e-01 1.277700000000000058e+00
5.735294117647058432e-01 1.278140000000000054e+00
5.882352941176470784e-01 1.278550000000000075e+00
6.029411764705882026e-01 1.278969999999999940e+00
6.176470588235294379e-01 1.279139999999999944e+00
6.323529411764705621e-01 1.279640000000000111e+00
6.470588235294117974e-01 1.280040000000000067e+00
6.617647058823529216e-01 1.280569999999999986e+00
6.764705882352941568e-01 1.280909999999999993e+00
6.911764705882352811e-01 1.281290000000000040e+00
7.058823529411764053e-01 1.281789999999999985e+00
7.205882352941176405e-01 1.282149999999999901e+00
7.352941176470587648e-01 1.282499999999999973e+00
7.500000000000000000e-01 1.282880000000000020e+00
7.647058823529411242e-01 1.283360000000000056e+00
7.794117647058823595e-01 1.283770000000000078e+00
7.941176470588234837e-01 1.284289999999999932e+00
8.088235294117647189e-01 1.284559999999999924e+00
8.235294117647058432e-01 1.285029999999999895e+00
8.382352941176470784e-01 1.285469999999999891e+00
8.529411764705882026e-01 1.285740000000000105e+00
8.676470588235294379e-01 1.286299999999999999e+00
8.823529411764705621e-01 1.286699999999999955e+00
8.970588235294117974e-01 1.286920000000000064e+00
9.117647058823529216e-01 1.287379999999999969e+00
9.264705882352941568e-01 1.287900000000000045e+00
9.411764705882352811e-01 1.288119999999999932e+00
9.558823529411764053e-01 1.288810000000000011e+00
9.705882352941176405e-01 1.289080000000000004e+00
9.852941176470587648e-01 1.289490000000000025e+00
1.000000000000000000e+00 1.289849999999999941e+00
1.014705882352941124e+00 1.290189999999999948e+00
1.029411764705882248e+00 1.290680000000000049e+00
1.044117647058823595e+00 1.291130000000000111e+00
1.058823529411764719e+00 1.291449999999999987e+00
1.073529411764705843e+00 1.291860000000000008e+00
1.088235294117646967e+00 1.292189999999999950e+00
1.102941176470588314e+00 1.292689999999999895e+00
1.117647058823529438e+00 1.293099999999999916e+00
1.132352941176470562e+00 1.293460000000000054e+00
1.147058823529411686e+00 1.293889999999999985e+00
1.161764705882353033e+00 1.294419999999999904e+00
1.176470588235294157e+00 1.295139999999999958e+00
1.191176470588235281e+00 1.295709999999999917e+00
1.205882352941176405e+00 1.295840000000000103e+00
1.220588235294117530e+00 1.295800000000000063e+00
1.235294117647058876e+00 1.296229999999999993e+00
1.250000000000000000e+00 1.296429999999999971e+00
1.264705882352941124e+00 1.296999999999999931e+00
1.279411764705882248e+00 1.297660000000000036e+00
1.294117647058823595e+00 1.298210000000000086e+00
1.308823529411764719e+00 1.298640000000000017e+00
1.323529411764705843e+00 1.299050000000000038e+00
1.338235294117646967e+00 1.299400000000000110e+00
1.352941176470588314e+00 1.299690000000000012e+00
1.367647058823529438e+00 1.300049999999999928e+00
1.382352941176470562e+00 1.300540000000000029e+00
1.397058823529411686e+00 1.300599999999999978e+00
1.411764705882352811e+00 1.301299999999999901e+00
1.426470588235294157e+00 1.301639999999999908e+00
1.441176470588235281e+00 1.302030000000000021e+00
1.455882352941176405e+00 1.302720000000000100e+00
1.470588235294117530e+00 1.302969999999999962e+00
1.485294117647058876e+00 1.303320000000000034e+00
1.500000000000000000e+00 1.303790000000000004e+00
1.514705882352941124e+00 1.304240000000000066e+00
1.529411764705882248e+00 1.304529999999999967e+00
1.544117647058823595e+00 1.304990000000000094e+00
1.558823529411764719e+00 1.305379999999999985e+00
1.573529411764705843e+00 1.305749999999999966e+00
1.588235294117646967e+00 1.306170000000000053e+00
1.602941176470588314e+00 1.306650000000000089e+00
1.617647058823529438e+00 1.307129999999999903e+00
1.632352941176470562e+00 1.307399999999999896e+00
1.647058823529411686e+00 1.307819999999999983e+00
1.661764705882352811e+00 1.308470000000000022e+00
1.676470588235294157e+00 1.308680000000000065e+00
1.691176470588235281e+00 1.309080000000000021e+00
1.705882352941176405e+00 1.309399999999999897e+00
1.720588235294117530e+00 1.309870000000000090e+00
1.735294117647058876e+00 1.310349999999999904e+00
1.750000000000000000e+00 1.310740000000000016e+00
1.764705882352941124e+00 1.311280000000000001e+00
1.779411764705882248e+00 1.311430000000000096e+00
1.794117647058823595e+00 1.311970000000000081e+00
1.808823529411764719e+00 1.312380000000000102e+00
1.823529411764705843e+00 1.312789999999999901e+00
1.838235294117646967e+00 1.313199999999999923e+00
1.852941176470588314e+00 1.313760000000000039e+00
1.867647058823529438e+00 1.314240000000000075e+00
1.882352941176470562e+00 1.314580000000000082e+00
1.897058823529411686e+00 1.314750000000000085e+00
1.911764705882352811e+00 1.315209999999999990e+00
1.926470588235294157e+00 1.315749999999999975e+00
1.941176470588235281e+00 1.316179999999999906e+00
1.955882352941176405e+00 1.316719999999999891e+00
1.970588235294117530e+00 1.317150000000000043e+00
1.985294117647058876e+00 1.317479999999999984e+00
2.000000000000000000e+00 1.317870000000000097e+00
2.014705882352941124e+00 1.318230000000000013e+00
2.029411764705882248e+00 1.318789999999999907e+00
2.044117647058823373e+00 1.318990000000000107e+00
2.058823529411764497e+00 1.319430000000000103e+00
2.073529411764706065e+00 1.319939999999999891e+00
2.088235294117647189e+00 1.320319999999999938e+00
2.102941176470588314e+00 1.320799999999999974e+00
2.117647058823529438e+00 1.320940000000000003e+00
2.132352941176470562e+00 1.321530000000000094e+00
2.147058823529411686e+00 1.322259999999999991e+00
2.161764705882352811e+00 1.322540000000000049e+00
2.176470588235293935e+00 1.322750000000000092e+00
2.191176470588235059e+00 1.323190000000000088e+00
2.205882352941176627e+00 1.323600000000000110e+00
2.220588235294117752e+00 1.324009999999999909e+00
2.235294117647058876e+00 1.324419999999999931e+00
2.250000000000000000e+00 1.324780000000000069e+00
2.264705882352941124e+00 1.325360000000000094e+00
2.279411764705882248e+00 1.325739999999999919e+00
2.294117647058823373e+00 1.326219999999999954e+00
2.308823529411764497e+00 1.326680000000000081e+00
2.323529411764706065e+00 1.327090000000000103e+00
2.338235294117647189e+00 1.327309999999999990e+00
2.352941176470588314e+00 1.327769999999999895e+00
2.367647058823529438e+00 1.328119999999999967e+00
2.382352941176470562e+00 1.328810000000000047e+00
2.397058823529411686e+00 1.329150000000000054e+00
2.411764705882352811e+00 1.329530000000000101e+00
2.426470588235293935e+00 1.329919999999999991e+00
2.441176470588235059e+00 1.330379999999999896e+00
2.455882352941176627e+00 1.330799999999999983e+00
2.470588235294117752e+00 1.331290000000000084e+00
2.485294117647058876e+00 1.331760000000000055e+00
2.500000000000000000e+00 1.332149999999999945e+00
2.514705882352941124e+00 1.332529999999999992e+00
2.529411764705882248e+00 1.332969999999999988e+00
2.544117647058823373e+00 1.333520000000000039e+00
2.558823529411764497e+00 1.333779999999999966e+00
2.573529411764706065e+00 1.334319999999999951e+00
2.588235294117647189e+00 1.334529999999999994e+00
2.602941176470588314e+00 1.334980000000000055e+00
2.617647058823529438e+00 1.335700000000000109e+00
2.632352941176470562e+00 1.335830000000000073e+00
2.647058823529411686e+00 1.336270000000000069e+00
2.661764705882352811e+00 1.336740000000000039e+00
2.676470588235293935e+00 1.337309999999999999e+00
2.691176470588235059e+00 1.337569999999999926e+00
2.705882352941176627e+00 1.338049999999999962e+00
2.720588235294117752e+00 1.338540000000000063e+00
2.735294117647058876e+00 1.338850000000000096e+00
2.750000000000000000e+00 1.339150000000000063e+00
2.764705882352941124e+00 1.339550000000000018e+00
2.779411764705882248e+00 1.340039999999999898e+00
2.794117647058823373e+00 1.340440000000000076e+00
2.808823529411764497e+00 1.340989999999999904e+00
2.823529411764705621e+00 1.341339999999999977e+00
2.838235294117647189e+00 1.341730000000000089e+00
2.852941176470588314e+00 1.342289999999999983e+00
2.867647058823529438e+00 1.342789999999999928e+00
2.882352941176470562e+00 1.343140000000000001e+00
2.897058823529411686e+00 1.343350000000000044e+00
2.911764705882352811e+00 1.343900000000000095e+00
2.926470588235293935e+00 1.344349999999999934e+00
2.941176470588235059e+00 1.344819999999999904e+00
2.955882352941176627e+00 1.345250000000000057e+00
2.970588235294117752e+00 1.345720000000000027e+00
2.985294117647058876e+00 1.345970000000000111e+00
3.000000000000000000e+00 1.346179999999999932e+00
