0.000000000000000000e+00 1.000050000000000106e+00
2.999999999999999889e-02 1.214029999999999943e+00
5.999999999999999778e-02 1.253800000000000026e+00
8.999999999999999667e-02 1.261840000000000073e+00
1.199999999999999956e-01 1.263940000000000063e+00
1.499999999999999944e-01 1.265209999999999946e+00
1.799999999999999933e-01 1.265949999999999909e+00
2.099999999999999922e-01 1.266620000000000079e+00
2.399999999999999911e-01 1.267190000000000039e+00
2.700000000000000178e-01 1.268059999999999965e+00
2.999999999999999889e-01 1.269160000000000066e+00
3.299999999999999600e-01 1.269980000000000109e+00
3.599999999999999867e-01 1.270699999999999941e+00
3.900000000000000133e-01 1.271630000000000038e+00
4.199999999999999845e-01 1.272440000000000015e+00
4.499999999999999556e-01 1.273239999999999927e+00
4.799999999999999822e-01 1.274029999999999996e+00
5.100000000000000089e-01 1.274969999999999937e+00
5.400000000000000355e-01 1.275740000000000096e+00
5.699999999999999512e-01 1.276410000000000045e+00
5.999999999999999778e-01 1.277020000000000044e+00
6.300000000000000044e-01 1.277910000000000101e+00
6.599999999999999201e-01 1.278960000000000097e+00
6.899999999999999467e-01 1.279700000000000060e+00
7.199999999999999734e-01 1.280520000000000103e+00
7.500000000000000000e-01 1.281190000000000051e+00
7.800000000000000266e-01 1.282030000000000003e+00
8.099999999999999423e-01 1.283029999999999893e+00
8.399999999999999689e-01 1.283849999999999936e+00
8.699999999999999956e-01 1.284580000000000055e+00
8.999999999999999112e-01 1.285469999999999891e+00
9.299999999999999378e-01 1.286489999999999911e+00
9.599999999999999645e-01 1.287169999999999925e+00
9.899999999999999911e-01 1.288140000000000063e+00
1.020000000000000018e+00 1.288750000000000062e+00
1.050000000000000044e+00 1.289390000000000036e+00
1.080000000000000071e+00 1.290380000000000082e+00
1.109999999999999876e+00 1.291309999999999958e+00
1.139999999999999902e+00 1.292149999999999910e+00
1.169999999999999929e+00 1.292589999999999906e+00
1.199999999999999956e+00 1.293670000000000098e+00
1.229999999999999982e+00 1.294499999999999984e+00
1.260000000000000009e+00 1.295449999999999990e+00
1.290000000000000036e+00 1.296119999999999939e+00
1.319999999999999840e+00 1.296999999999999931e+00
1.349999999999999867e+00 1.298030000000000017e+00
1.379999999999999893e+00 1.298640000000000017e+00
1.409999999999999920e+00 1.299660000000000037e+00
1.439999999999999947e+00 1.300540000000000029e+00
1.469999999999999973e+00 1.301460000000000061e+00
1.500000000000000000e+00 1.302049999999999930e+00
1.530000000000000027e+00 1.302980000000000027e+00
1.560000000000000053e+00 1.303709999999999924e+00
1.589999999999999858e+00 1.304510000000000058e+00
1.619999999999999885e+00 1.305609999999999937e+00
1.649999999999999911e+00 1.306240000000000068e+00
1.679999999999999938e+00 1.307129999999999903e+00
1.709999999999999964e+00 1.307819999999999983e+00
1.739999999999999991e+00 1.308750000000000080e+00
1.770000000000000018e+00 1.309569999999999901e+00
1.799999999999999822e+00 1.310319999999999929e+00
1.829999999999999849e+00 1.311350000000000016e+00
1.859999999999999876e+00 1.312210000000000099e+00
1.889999999999999902e+00 1.312920000000000087e+00
1.919999999999999929e+00 1.313709999999999933e+00
1.949999999999999956e+00 1.314720000000000111e+00
1.979999999999999982e+00 1.315350000000000019e+00
2.009999999999999787e+00 1.316330000000000000e+00
2.040000000000000036e+00 1.317199999999999926e+00
2.069999999999999840e+00 1.318279999999999896e+00
2.100000000000000089e+00 1.318869999999999987e+00
2.129999999999999893e+00 1.319620000000000015e+00
2.160000000000000142e+00 1.320440000000000058e+00
2.189999999999999947e+00 1.321350000000000025e+00
2.219999999999999751e+00 1.322230000000000016e+00
2.250000000000000000e+00 1.323059999999999903e+00
2.279999999999999805e+00 1.323970000000000091e+00
2.310000000000000053e+00 1.324829999999999952e+00
2.339999999999999858e+00 1.325679999999999970e+00
2.370000000000000107e+00 1.326670000000000016e+00
2.399999999999999911e+00 1.327430000000000110e+00
2.429999999999999716e+00 1.328249999999999931e+00
2.459999999999999964e+00 1.328929999999999945e+00
2.489999999999999769e+00 1.330000000000000071e+00
2.520000000000000018e+00 1.330789999999999917e+00
2.549999999999999822e+00 1.331669999999999909e+00
2.580000000000000071e+00 1.332529999999999992e+00
2.609999999999999876e+00 1.333429999999999893e+00
2.639999999999999680e+00 1.334330000000000016e+00
2.669999999999999929e+00 1.335180000000000033e+00
2.699999999999999734e+00 1.336209999999999898e+00
2.729999999999999982e+00 1.336699999999999999e+00
2.759999999999999787e+00 1.337269999999999959e+00
2.790000000000000036e+00 1.338260000000000005e+00
2.819999999999999840e+00 1.338959999999999928e+00
2.850000000000000089e+00 1.340070000000000094e+00
2.879999999999999893e+00 1.340880000000000072e+00
2.909999999999999698e+00 1.341890000000000027e+00
2.939999999999999947e+00 1.342910000000000048e+00
2.969999999999999751e+00 1.343839999999999923e+00
3.000000000000000000e+00 1.344540000000000068e+00
