0.000000000000000000e+00 1.000170000000000003e+00
6.250000000000000000e-02 1.236320000000000086e+00
1.250000000000000000e-01 1.260659999999999892e+00
1.875000000000000000e-01 1.265120000000000022e+00
2.500000000000000000e-01 1.266869999999999941e+00
3.125000000000000000e-01 1.268610000000000015e+00
3.750000000000000000e-01 1.270559999999999912e+00
4.375000000000000000e-01 1.272029999999999994e+00
5.000000000000000000e-01 1.273670000000000080e+00
5.625000000000000000e-01 1.275439999999999907e+00
6.250000000000000000e-01 1.276929999999999898e+00
6.875000000000000000e-01 1.278710000000000013e+00
7.500000000000000000e-01 1.280469999999999997e+00
8.125000000000000000e-01 1.282170000000000032e+00
8.750000000000000000e-01 1.283560000000000034e+00
9.375000000000000000e-01 1.285639999999999894e+00
1.000000000000000000e+00 1.287339999999999929e+00
1.062500000000000000e+00 1.288910000000000000e+00
1.125000000000000000e+00 1.290569999999999995e+00
1.187500000000000000e+00 1.292650000000000077e+00
1.250000000000000000e+00 1.294229999999999992e+00
1.312500000000000000e+00 1.296010000000000106e+00
1.375000000000000000e+00 1.297779999999999934e+00
1.437500000000000000e+00 1.299469999999999903e+00
1.500000000000000000e+00 1.301129999999999898e+00
1.562500000000000000e+00 1.302910000000000013e+00
1.625000000000000000e+00 1.304499999999999993e+00
1.687500000000000000e+00 1.306429999999999980e+00
1.750000000000000000e+00 1.308079999999999909e+00
1.812500000000000000e+00 1.309930000000000039e+00
1.875000000000000000e+00 1.311509999999999954e+00
1.937500000000000000e+00 1.313320000000000043e+00
2.000000000000000000e+00 1.314969999999999972e+00
2.062500000000000000e+00 1.316489999999999938e+00
2.125000000000000000e+00 1.318159999999999998e+00
2.187500000000000000e+00 1.320179999999999909e+00
2.250000000000000000e+00 1.321790000000000020e+00
2.312500000000000000e+00 1.323700000000000099e+00
2.375000000000000000e+00 1.325460000000000083e+00
2.437500000000000000e+00 1.327399999999999913e+00
2.500000000000000000e+00 1.329050000000000065e+00
2.562500000000000000e+00 1.331080000000000041e+00
2.625000000000000000e+00 1.332430000000000003e+00
2.687500000000000000e+00 1.334610000000000074e+00
2.750000000000000000e+00 1.336400000000000032e+00
2.812500000000000000e+00 1.338270000000000071e+00
2.875000000000000000e+00 1.339800000000000102e+00
2.937500000000000000e+00 1.341609999999999969e+00
3.000000000000000000e+00 1.343390000000000084e+00
