0.000000000000000000e+00 1.000199999999999978e+00
1.666666666666666574e-01 1.251980000000000093e+00
3.333333333333333148e-01 1.265649999999999942e+00
5.000000000000000000e-01 1.270999999999999908e+00
6.666666666666666297e-01 1.275409999999999933e+00
8.333333333333332593e-01 1.280059999999999976e+00
1.000000000000000000e+00 1.284410000000000052e+00
1.166666666666666519e+00 1.288950000000000040e+00
1.333333333333333259e+00 1.293490000000000029e+00
1.500000000000000000e+00 1.297870000000000079e+00
1.666666666666666519e+00 1.303039999999999976e+00
1.833333333333333259e+00 1.307630000000000070e+00
2.000000000000000000e+00 1.312170000000000059e+00
2.166666666666666519e+00 1.316889999999999894e+00
2.333333333333333037e+00 1.321369999999999933e+00
2.500000000000000000e+00 1.325930000000000053e+00
2.666666666666666519e+00 1.330850000000000088e+00
2.833333333333333037e+00 1.335650000000000004e+00
3.000000000000000000e+00 1.340149999999999952e+00
