0.000000000000000000e+00 1.000329999999999941e+00
1.158301158301158242e-02 1.165880000000000027e+00
2.316602316602316483e-02 1.227179999999999938e+00
3.474903474903474898e-02 1.250029999999999974e+00
4.633204633204632966e-02 1.258709999999999996e+00
5.791505791505791034e-02 1.262049999999999894e+00
6.949806949806949796e-02 1.263740000000000085e+00
8.108108108108107170e-02 1.264119999999999910e+00
9.266409266409265932e-02 1.264680000000000026e+00
1.042471042471042469e-01 1.265039999999999942e+00
1.158301158301158207e-01 1.265430000000000055e+00
1.274131274131274083e-01 1.265770000000000062e+00
1.389961389961389959e-01 1.266219999999999901e+00
1.505791505791505835e-01 1.266319999999999890e+00
1.621621621621621434e-01 1.266750000000000043e+00
1.737451737451737310e-01 1.267260000000000053e+00
1.853281853281853186e-01 1.267339999999999911e+00
1.969111969111969063e-01 1.267579999999999929e+00
2.084942084942084939e-01 1.267800000000000038e+00
2.200772200772200538e-01 1.268389999999999906e+00
2.316602316602316414e-01 1.268680000000000030e+00
2.432432432432432290e-01 1.268860000000000099e+00
2.548262548262548166e-01 1.269200000000000106e+00
2.664092664092663765e-01 1.269609999999999905e+00
2.779922779922779918e-01 1.269789999999999974e+00
2.895752895752895517e-01 1.270070000000000032e+00
3.011583011583011671e-01 1.270420000000000105e+00
3.127413127413127270e-01 1.270489999999999897e+00
3.243243243243242868e-01 1.271020000000000039e+00
3.359073359073359022e-01 1.271369999999999889e+00
3.474903474903474621e-01 1.271770000000000067e+00
3.590733590733590774e-01 1.272140000000000049e+00
3.706563706563706373e-01 1.272370000000000001e+00
3.822393822393821972e-01 1.272799999999999931e+00
3.938223938223938125e-01 1.272960000000000091e+00
4.054054054054053724e-01 1.273360000000000047e+00
4.169884169884169878e-01 1.273660000000000014e+00
4.285714285714285476e-01 1.273930000000000007e+00
4.401544401544401075e-01 1.274370000000000003e+00
4.517374517374517229e-01 1.274620000000000086e+00
4.633204633204632827e-01 1.274960000000000093e+00
4.749034749034748981e-01 1.275130000000000097e+00
4.864864864864864580e-01 1.275449999999999973e+00
4.980694980694980178e-01 1.275849999999999929e+00
5.096525096525096332e-01 1.276250000000000107e+00
5.212355212355211931e-01 1.276529999999999943e+00
5.328185328185327529e-01 1.276729999999999920e+00
5.444015444015444238e-01 1.277220000000000022e+00
5.559845559845559837e-01 1.277409999999999934e+00
5.675675675675675436e-01 1.277730000000000032e+00
5.791505791505791034e-01 1.278080000000000105e+00
5.907335907335906633e-01 1.278419999999999890e+00
6.023166023166023342e-01 1.278659999999999908e+00
6.138996138996138940e-01 1.278960000000000097e+00
6.254826254826254539e-01 1.279349999999999987e+00
6.370656370656370138e-01 1.279390000000000027e+00
6.486486486486485736e-01 1.279879999999999907e+00
6.602316602316602445e-01 1.280250000000000110e+00
6.718146718146718044e-01 1.280370000000000008e+00
6.833976833976833642e-01 1.280790000000000095e+00
6.949806949806949241e-01 1.281250000000000000e+00
7.065637065637064840e-01 1.281579999999999941e+00
7.181467181467181549e-01 1.281870000000000065e+00
7.297297297297297147e-01 1.282170000000000032e+00
7.413127413127412746e-01 1.282540000000000013e+00
7.528957528957528345e-01 1.282869999999999955e+00
7.644787644787643943e-01 1.283209999999999962e+00
7.760617760617760652e-01 1.283490000000000020e+00
7.876447876447876251e-01 1.283840000000000092e+00
7.992277992277991849e-01 1.284249999999999892e+00
8.108108108108107448e-01 1.284499999999999975e+00
8.223938223938223047e-01 1.284799999999999942e+00
8.339768339768339755e-01 1.285220000000000029e+00
8.455598455598455354e-01 1.285360000000000058e+00
8.571428571428570953e-01 1.286000000000000032e+00
8.687258687258686551e-01 1.285879999999999912e+00
8.803088803088802150e-01 1.286329999999999973e+00
8.918918918918918859e-01 1.286620000000000097e+00
9.034749034749034458e-01 1.286890000000000089e+00
9.150579150579150056e-01 1.287230000000000096e+00
9.266409266409265655e-01 1.287330000000000085e+00
9.382239382239381253e-01 1.287760000000000016e+00
9.498069498069497962e-01 1.288300000000000001e+00
9.613899613899613561e-01 1.288720000000000088e+00
9.729729729729729160e-01 1.288939999999999975e+00
9.845559845559844758e-01 1.288990000000000080e+00
9.961389961389960357e-01 1.289479999999999960e+00
1.007722007722007707e+00 1.289809999999999901e+00
1.019305019305019266e+00 1.290110000000000090e+00
1.030888030888030826e+00 1.290550000000000086e+00
1.042471042471042386e+00 1.290829999999999922e+00
1.054054054054053946e+00 1.291139999999999954e+00
1.065637065637065506e+00 1.291479999999999961e+00
1.077220077220077066e+00 1.291770000000000085e+00
1.088803088803088848e+00 1.292210000000000081e+00
1.100386100386100408e+00 1.292499999999999982e+00
1.111969111969111967e+00 1.292720000000000091e+00
1.123552123552123527e+00 1.293080000000000007e+00
1.135135135135135087e+00 1.293490000000000029e+00
1.146718146718146647e+00 1.293760000000000021e+00
1.158301158301158207e+00 1.294010000000000105e+00
1.169884169884169767e+00 1.294280000000000097e+00
1.181467181467181327e+00 1.294429999999999970e+00
1.193050193050192886e+00 1.295139999999999958e+00
1.204633204633204668e+00 1.295379999999999976e+00
1.216216216216216228e+00 1.295639999999999903e+00
1.227799227799227788e+00 1.295970000000000066e+00
1.239382239382239348e+00 1.296450000000000102e+00
1.250965250965250908e+00 1.296729999999999938e+00
1.262548262548262468e+00 1.297029999999999905e+00
1.274131274131274028e+00 1.297439999999999927e+00
1.285714285714285587e+00 1.297579999999999956e+00
1.297297297297297147e+00 1.297909999999999897e+00
1.308880308880308707e+00 1.298240000000000061e+00
1.320463320463320489e+00 1.298550000000000093e+00
1.332046332046332049e+00 1.298820000000000086e+00
1.343629343629343609e+00 1.299150000000000027e+00
1.355212355212355169e+00 1.299490000000000034e+00
1.366795366795366728e+00 1.299860000000000015e+00
1.378378378378378288e+00 1.300240000000000062e+00
1.389961389961389848e+00 1.300589999999999913e+00
1.401544401544401408e+00 1.301129999999999898e+00
1.413127413127412968e+00 1.301199999999999912e+00
1.424710424710424528e+00 1.301430000000000087e+00
1.436293436293436310e+00 1.301870000000000083e+00
1.447876447876447870e+00 1.302070000000000061e+00
1.459459459459459429e+00 1.302640000000000020e+00
1.471042471042470989e+00 1.302799999999999958e+00
1.482625482625482549e+00 1.303190000000000071e+00
1.494208494208494109e+00 1.303469999999999906e+00
1.505791505791505669e+00 1.303760000000000030e+00
1.517374517374517229e+00 1.303979999999999917e+00
1.528957528957528789e+00 1.304219999999999935e+00
1.540540540540540571e+00 1.304589999999999916e+00
1.552123552123552130e+00 1.304969999999999963e+00
1.563706563706563690e+00 1.305320000000000036e+00
1.575289575289575250e+00 1.305320000000000036e+00
1.586872586872586810e+00 1.305879999999999930e+00
1.598455598455598370e+00 1.306219999999999937e+00
1.610038610038609930e+00 1.306640000000000024e+00
1.621621621621621490e+00 1.306699999999999973e+00
1.633204633204633049e+00 1.307290000000000063e+00
1.644787644787644609e+00 1.307549999999999990e+00
1.656370656370656391e+00 1.307909999999999906e+00
1.667953667953667951e+00 1.308179999999999898e+00
1.679536679536679511e+00 1.308510000000000062e+00
1.691119691119691071e+00 1.308899999999999952e+00
1.702702702702702631e+00 1.309309999999999974e+00
1.714285714285714191e+00 1.309630000000000072e+00
1.725868725868725750e+00 1.309830000000000050e+00
1.737451737451737310e+00 1.310110000000000108e+00
1.749034749034748870e+00 1.310550000000000104e+00
1.760617760617760430e+00 1.310899999999999954e+00
1.772200772200772212e+00 1.311180000000000012e+00
1.783783783783783772e+00 1.311409999999999965e+00
1.795366795366795332e+00 1.311890000000000001e+00
1.806949806949806892e+00 1.312130000000000019e+00
1.818532818532818451e+00 1.312459999999999960e+00
1.830115830115830011e+00 1.312950000000000061e+00
1.841698841698841571e+00 1.313209999999999988e+00
1.853281853281853131e+00 1.313469999999999915e+00
1.864864864864864691e+00 1.313919999999999977e+00
1.876447876447876251e+00 1.314179999999999904e+00
1.888030888030888033e+00 1.314480000000000093e+00
1.899613899613899592e+00 1.314769999999999994e+00
1.911196911196911152e+00 1.314990000000000103e+00
1.922779922779922712e+00 1.315280000000000005e+00
1.934362934362934272e+00 1.315690000000000026e+00
1.945945945945945832e+00 1.316140000000000088e+00
1.957528957528957392e+00 1.316459999999999964e+00
1.969111969111968952e+00 1.316659999999999942e+00
1.980694980694980512e+00 1.317080000000000028e+00
1.992277992277992071e+00 1.317569999999999908e+00
2.003861003861003631e+00 1.317860000000000031e+00
2.015444015444015413e+00 1.318240000000000078e+00
2.027027027027026751e+00 1.318550000000000111e+00
2.038610038610038533e+00 1.318889999999999896e+00
2.050193050193049871e+00 1.319099999999999939e+00
2.061776061776061653e+00 1.319479999999999986e+00
2.073359073359073435e+00 1.319720000000000004e+00
2.084942084942084772e+00 1.320219999999999949e+00
2.096525096525096554e+00 1.320340000000000069e+00
2.108108108108107892e+00 1.320599999999999996e+00
2.119691119691119674e+00 1.320969999999999978e+00
2.131274131274131012e+00 1.321369999999999933e+00
2.142857142857142794e+00 1.321679999999999966e+00
2.154440154440154132e+00 1.321930000000000049e+00
2.166023166023165913e+00 1.322210000000000107e+00
2.177606177606177695e+00 1.322540000000000049e+00
2.189189189189189033e+00 1.323010000000000019e+00
2.200772200772200815e+00 1.323430000000000106e+00
2.212355212355212153e+00 1.323730000000000073e+00
2.223938223938223935e+00 1.323990000000000000e+00
2.235521235521235273e+00 1.324189999999999978e+00
2.247104247104247055e+00 1.324529999999999985e+00
2.258687258687258392e+00 1.325020000000000087e+00
2.270270270270270174e+00 1.325320000000000054e+00
2.281853281853281956e+00 1.325669999999999904e+00
2.293436293436293294e+00 1.326060000000000016e+00
2.305019305019305076e+00 1.326330000000000009e+00
2.316602316602316414e+00 1.326600000000000001e+00
2.328185328185328196e+00 1.326910000000000034e+00
2.339768339768339533e+00 1.327309999999999990e+00
2.351351351351351315e+00 1.327530000000000099e+00
2.362934362934362653e+00 1.327860000000000040e+00
2.374517374517374435e+00 1.328189999999999982e+00
2.386100386100385773e+00 1.328580000000000094e+00
2.397683397683397555e+00 1.329139999999999988e+00
2.409266409266409337e+00 1.329360000000000097e+00
2.420849420849420675e+00 1.329569999999999919e+00
2.432432432432432456e+00 1.329930000000000057e+00
2.444015444015443794e+00 1.330189999999999984e+00
2.455598455598455576e+00 1.330640000000000045e+00
2.467181467181466914e+00 1.330850000000000088e+00
2.478764478764478696e+00 1.330899999999999972e+00
2.490347490347490034e+00 1.331439999999999957e+00
2.501930501930501816e+00 1.332030000000000047e+00
2.513513513513513598e+00 1.332170000000000076e+00
2.525096525096524935e+00 1.332549999999999901e+00
2.536679536679536717e+00 1.332850000000000090e+00
2.548262548262548055e+00 1.333190000000000097e+00
2.559845559845559837e+00 1.333469999999999933e+00
2.571428571428571175e+00 1.333800000000000097e+00
2.583011583011582957e+00 1.333919999999999995e+00
2.594594594594594295e+00 1.334160000000000013e+00
2.606177606177606076e+00 1.334699999999999998e+00
2.617760617760617414e+00 1.335110000000000019e+00
2.629343629343629196e+00 1.335739999999999927e+00
2.640926640926640978e+00 1.335730000000000084e+00
2.652509652509652316e+00 1.336149999999999949e+00
2.664092664092664098e+00 1.336500000000000021e+00
2.675675675675675436e+00 1.336819999999999897e+00
2.687258687258687218e+00 1.337120000000000086e+00
2.698841698841698555e+00 1.337560000000000082e+00
2.710424710424710337e+00 1.337800000000000100e+00
2.722007722007721675e+00 1.338079999999999936e+00
2.733590733590733457e+00 1.338449999999999918e+00
2.745173745173745239e+00 1.338840000000000030e+00
2.756756756756756577e+00 1.339169999999999972e+00
2.768339768339768359e+00 1.339290000000000092e+00
2.779922779922779696e+00 1.339669999999999916e+00
2.791505791505791478e+00 1.340039999999999898e+00
2.803088803088802816e+00 1.340430000000000010e+00
2.814671814671814598e+00 1.340880000000000072e+00
2.826254826254825936e+00 1.341329999999999911e+00
2.837837837837837718e+00 1.341539999999999955e+00
2.849420849420849056e+00 1.341749999999999998e+00
2.861003861003860838e+00 1.342289999999999983e+00
2.872586872586872619e+00 1.342479999999999896e+00
2.884169884169883957e+00 1.342770000000000019e+00
2.895752895752895739e+00 1.343140000000000001e+00
2.907335907335907077e+00 1.343529999999999891e+00
2.918918918918918859e+00 1.343920000000000003e+00
2.930501930501930197e+00 1.344330000000000025e+00
2.942084942084941979e+00 1.344770000000000021e+00
2.953667953667953316e+00 1.344929999999999959e+00
2.965250965250965098e+00 1.345159999999999911e+00
2.976833976833976880e+00 1.345569999999999933e+00
2.988416988416988218e+00 1.345839999999999925e+00
3.000000000000000000e+00 1.346070000000000100e+00
