0.000000000000000000e+00 1.000359999999999916e+00
2.380952380952380820e-02 1.204409999999999981e+00
4.761904761904761640e-02 1.250129999999999963e+00
7.142857142857142461e-02 1.260880000000000001e+00
9.523809523809523281e-02 1.263660000000000005e+00
1.190476190476190410e-01 1.264710000000000001e+00
1.428571428571428492e-01 1.265640000000000098e+00
1.666666666666666574e-01 1.266210000000000058e+00
1.904761904761904656e-01 1.266920000000000046e+00
2.142857142857142738e-01 1.267169999999999908e+00
2.380952380952380820e-01 1.268150000000000110e+00
2.619047619047618625e-01 1.268820000000000059e+00
2.857142857142856984e-01 1.269519999999999982e+00
3.095238095238095344e-01 1.270029999999999992e+00
3.333333333333333148e-01 1.270690000000000097e+00
3.571428571428570953e-01 1.271349999999999980e+00
3.809523809523809312e-01 1.272119999999999918e+00
4.047619047619047672e-01 1.272629999999999928e+00
4.285714285714285476e-01 1.272969999999999935e+00
4.523809523809523281e-01 1.273930000000000007e+00
4.761904761904761640e-01 1.274669999999999970e+00
5.000000000000000000e-01 1.275390000000000024e+00
5.238095238095237249e-01 1.275879999999999903e+00
5.476190476190475609e-01 1.276540000000000008e+00
5.714285714285713969e-01 1.277120000000000033e+00
5.952380952380952328e-01 1.277740000000000098e+00
6.190476190476190688e-01 1.278650000000000064e+00
6.428571428571427937e-01 1.279209999999999958e+00
6.666666666666666297e-01 1.279989999999999961e+00
6.904761904761904656e-01 1.280720000000000081e+00
7.142857142857141906e-01 1.281160000000000077e+00
7.380952380952380265e-01 1.281719999999999970e+00
7.619047619047618625e-01 1.282380000000000075e+00
7.857142857142856984e-01 1.283150000000000013e+00
8.095238095238095344e-01 1.283560000000000034e+00
8.333333333333332593e-01 1.284319999999999906e+00
8.571428571428570953e-01 1.285029999999999895e+00
8.809523809523809312e-01 1.285900000000000043e+00
9.047619047619046562e-01 1.286470000000000002e+00
9.285714285714284921e-01 1.287009999999999987e+00
9.523809523809523281e-01 1.287700000000000067e+00
9.761904761904761640e-01 1.288389999999999924e+00
1.000000000000000000e+00 1.289020000000000055e+00
1.023809523809523725e+00 1.289539999999999909e+00
1.047619047619047450e+00 1.290070000000000050e+00
1.071428571428571397e+00 1.290640000000000009e+00
1.095238095238095122e+00 1.291509999999999936e+00
1.119047619047619069e+00 1.292529999999999957e+00
1.142857142857142794e+00 1.293069999999999942e+00
1.166666666666666519e+00 1.293560000000000043e+00
1.190476190476190466e+00 1.294310000000000072e+00
1.214285714285714191e+00 1.294999999999999929e+00
1.238095238095238138e+00 1.295579999999999954e+00
1.261904761904761862e+00 1.296370000000000022e+00
1.285714285714285587e+00 1.296880000000000033e+00
1.309523809523809534e+00 1.297379999999999978e+00
1.333333333333333259e+00 1.298189999999999955e+00
1.357142857142856984e+00 1.299069999999999947e+00
1.380952380952380931e+00 1.299660000000000037e+00
1.404761904761904656e+00 1.300270000000000037e+00
1.428571428571428381e+00 1.300999999999999934e+00
1.452380952380952328e+00 1.301579999999999959e+00
1.476190476190476053e+00 1.302229999999999999e+00
1.500000000000000000e+00 1.302880000000000038e+00
1.523809523809523725e+00 1.303620000000000001e+00
1.547619047619047450e+00 1.304070000000000062e+00
1.571428571428571397e+00 1.304619999999999891e+00
1.595238095238095122e+00 1.305439999999999934e+00
1.619047619047619069e+00 1.306119999999999948e+00
1.642857142857142794e+00 1.306859999999999911e+00
1.666666666666666519e+00 1.307719999999999994e+00
1.690476190476190466e+00 1.308189999999999964e+00
1.714285714285714191e+00 1.308880000000000043e+00
1.738095238095237915e+00 1.309350000000000014e+00
1.761904761904761862e+00 1.309909999999999908e+00
1.785714285714285587e+00 1.310969999999999969e+00
1.809523809523809312e+00 1.311679999999999957e+00
1.833333333333333259e+00 1.312370000000000037e+00
1.857142857142856984e+00 1.312899999999999956e+00
1.880952380952380931e+00 1.313560000000000061e+00
1.904761904761904656e+00 1.314279999999999893e+00
1.928571428571428381e+00 1.314799999999999969e+00
1.952380952380952328e+00 1.315530000000000088e+00
1.976190476190476053e+00 1.316070000000000073e+00
2.000000000000000000e+00 1.316869999999999985e+00
2.023809523809523725e+00 1.317530000000000090e+00
2.047619047619047450e+00 1.318140000000000089e+00
2.071428571428571175e+00 1.319120000000000070e+00
2.095238095238094900e+00 1.319350000000000023e+00
2.119047619047619069e+00 1.320060000000000011e+00
2.142857142857142794e+00 1.320850000000000080e+00
2.166666666666666519e+00 1.321630000000000082e+00
2.190476190476190244e+00 1.322230000000000016e+00
2.214285714285713969e+00 1.322940000000000005e+00
2.238095238095238138e+00 1.323390000000000066e+00
2.261904761904761862e+00 1.324189999999999978e+00
2.285714285714285587e+00 1.325059999999999905e+00
2.309523809523809312e+00 1.325579999999999981e+00
2.333333333333333037e+00 1.326370000000000049e+00
2.357142857142857206e+00 1.327010000000000023e+00
2.380952380952380931e+00 1.327760000000000051e+00
2.404761904761904656e+00 1.328500000000000014e+00
2.428571428571428381e+00 1.328999999999999959e+00
2.452380952380952106e+00 1.329560000000000075e+00
2.476190476190476275e+00 1.330319999999999947e+00
2.500000000000000000e+00 1.331169999999999964e+00
2.523809523809523725e+00 1.331709999999999949e+00
2.547619047619047450e+00 1.332319999999999949e+00
2.571428571428571175e+00 1.333090000000000108e+00
2.595238095238094900e+00 1.333809999999999940e+00
2.619047619047619069e+00 1.334629999999999983e+00
2.642857142857142794e+00 1.335259999999999891e+00
2.666666666666666519e+00 1.335869999999999891e+00
2.690476190476190244e+00 1.336519999999999930e+00
2.714285714285713969e+00 1.336880000000000068e+00
2.738095238095238138e+00 1.337720000000000020e+00
2.761904761904761862e+00 1.338600000000000012e+00
2.785714285714285587e+00 1.339250000000000052e+00
2.809523809523809312e+00 1.339949999999999974e+00
2.833333333333333037e+00 1.340889999999999915e+00
2.857142857142856762e+00 1.341299999999999937e+00
2.880952380952380931e+00 1.342100000000000071e+00
2.904761904761904656e+00 1.342580000000000107e+00
2.928571428571428381e+00 1.343159999999999910e+00
2.952380952380952106e+00 1.343939999999999912e+00
2.976190476190475831e+00 1.344629999999999992e+00
3.000000000000000000e+00 1.345409999999999995e+00
