0.000000000000000000e+00 1.000159999999999938e+00
2.307692307692307820e-01 1.254839999999999955e+00
4.615384615384615641e-01 1.267989999999999950e+00
6.923076923076922906e-01 1.274289999999999923e+00
9.230769230769231282e-01 1.280380000000000074e+00
1.153846153846153966e+00 1.286859999999999893e+00
1.384615384615384581e+00 1.293190000000000062e+00
1.615384615384615419e+00 1.299509999999999943e+00
1.846153846153846256e+00 1.305509999999999948e+00
2.076923076923077094e+00 1.312240000000000073e+00
2.307692307692307931e+00 1.318659999999999943e+00
2.538461538461538769e+00 1.324869999999999992e+00
2.769230769230769162e+00 1.331739999999999924e+00
3.000000000000000000e+00 1.338140000000000107e+00
