0.000000000000000000e+00 1.000199999999999978e+00
9.118541033434649987e-03 1.150500000000000078e+00
1.823708206686929997e-02 1.214739999999999931e+00
2.735562310030394823e-02 1.242369999999999974e+00
3.647416413373859995e-02 1.254140000000000033e+00
4.559270516717325167e-02 1.259309999999999929e+00
5.471124620060789645e-02 1.261849999999999916e+00
6.382978723404254817e-02 1.263109999999999955e+00
7.294832826747719989e-02 1.263640000000000096e+00
8.206686930091185161e-02 1.263819999999999943e+00
9.118541033434650334e-02 1.264100000000000001e+00
1.003039513677811551e-01 1.264350000000000085e+00
1.094224924012157929e-01 1.264650000000000052e+00
1.185410334346504446e-01 1.265069999999999917e+00
1.276595744680850963e-01 1.265200000000000102e+00
1.367781155015197481e-01 1.265419999999999989e+00
1.458966565349543998e-01 1.265919999999999934e+00
1.550151975683890515e-01 1.266040000000000054e+00
1.641337386018237032e-01 1.266369999999999996e+00
1.732522796352583550e-01 1.266450000000000076e+00
1.823708206686930067e-01 1.266880000000000006e+00
1.914893617021276584e-01 1.267239999999999922e+00
2.006079027355623101e-01 1.267179999999999973e+00
2.097264437689969618e-01 1.267619999999999969e+00
2.188449848024315858e-01 1.267709999999999892e+00
2.279635258358662375e-01 1.268029999999999990e+00
2.370820668693008892e-01 1.268450000000000077e+00
2.462006079027355410e-01 1.268489999999999895e+00
2.553191489361701927e-01 1.268829999999999902e+00
2.644376899696048722e-01 1.269169999999999909e+00
2.735562310030394961e-01 1.269179999999999975e+00
2.826747720364741756e-01 1.269600000000000062e+00
2.917933130699087996e-01 1.269549999999999956e+00
3.009118541033434235e-01 1.269749999999999934e+00
3.100303951367781030e-01 1.270299999999999985e+00
3.191489361702127270e-01 1.270620000000000083e+00
3.282674772036474065e-01 1.270650000000000057e+00
3.373860182370820304e-01 1.271069999999999922e+00
3.465045592705167099e-01 1.271430000000000060e+00
3.556231003039513339e-01 1.271470000000000100e+00
3.647416413373860133e-01 1.271619999999999973e+00
3.738601823708206373e-01 1.272019999999999929e+00
3.829787234042553168e-01 1.272350000000000092e+00
3.920972644376899408e-01 1.272480000000000055e+00
4.012158054711246202e-01 1.272540000000000004e+00
4.103343465045592442e-01 1.272699999999999942e+00
4.194528875379939237e-01 1.272950000000000026e+00
4.285714285714285476e-01 1.273209999999999953e+00
4.376899696048631716e-01 1.273509999999999920e+00
4.468085106382978511e-01 1.273770000000000069e+00
4.559270516717324750e-01 1.274219999999999908e+00
4.650455927051671545e-01 1.274589999999999890e+00
4.741641337386017785e-01 1.274699999999999944e+00
4.832826747720364580e-01 1.275039999999999951e+00
4.924012158054710819e-01 1.275309999999999944e+00
5.015197568389057059e-01 1.275400000000000089e+00
5.106382978723403854e-01 1.275609999999999911e+00
5.197568389057750649e-01 1.275810000000000111e+00
5.288753799392097443e-01 1.276000000000000023e+00
5.379939209726443128e-01 1.276499999999999968e+00
5.471124620060789923e-01 1.276629999999999932e+00
5.562310030395136717e-01 1.276780000000000026e+00
5.653495440729483512e-01 1.276969999999999938e+00
5.744680851063829197e-01 1.277260000000000062e+00
5.835866261398175991e-01 1.277500000000000080e+00
5.927051671732522786e-01 1.278010000000000090e+00
6.018237082066868471e-01 1.278040000000000065e+00
6.109422492401215266e-01 1.278280000000000083e+00
6.200607902735562060e-01 1.278780000000000028e+00
6.291793313069908855e-01 1.278909999999999991e+00
6.382978723404254540e-01 1.279009999999999980e+00
6.474164133738601334e-01 1.279269999999999907e+00
6.565349544072948129e-01 1.279709999999999903e+00
6.656534954407294924e-01 1.280100000000000016e+00
6.747720364741640608e-01 1.280110000000000081e+00
6.838905775075987403e-01 1.280520000000000103e+00
6.930091185410334198e-01 1.280820000000000070e+00
7.021276595744680993e-01 1.281130000000000102e+00
7.112462006079026677e-01 1.281130000000000102e+00
7.203647416413373472e-01 1.281260000000000066e+00
7.294832826747720267e-01 1.281719999999999970e+00
7.386018237082065951e-01 1.281840000000000090e+00
7.477203647416412746e-01 1.282019999999999937e+00
7.568389057750759541e-01 1.282249999999999890e+00
7.659574468085106336e-01 1.282550000000000079e+00
7.750759878419452020e-01 1.282769999999999966e+00
7.841945288753798815e-01 1.283020000000000049e+00
7.933130699088145610e-01 1.283349999999999991e+00
8.024316109422492405e-01 1.283490000000000020e+00
8.115501519756838089e-01 1.283689999999999998e+00
8.206686930091184884e-01 1.284280000000000088e+00
8.297872340425531679e-01 1.284429999999999961e+00
8.389057750759878473e-01 1.284569999999999990e+00
8.480243161094224158e-01 1.284909999999999997e+00
8.571428571428570953e-01 1.285060000000000091e+00
8.662613981762917748e-01 1.285199999999999898e+00
8.753799392097263432e-01 1.285469999999999891e+00
8.844984802431610227e-01 1.285809999999999897e+00
8.936170212765957022e-01 1.286229999999999984e+00
9.027355623100303816e-01 1.286340000000000039e+00
9.118541033434649501e-01 1.286559999999999926e+00
9.209726443768996296e-01 1.286999999999999922e+00
9.300911854103343090e-01 1.287060000000000093e+00
9.392097264437689885e-01 1.287269999999999914e+00
9.483282674772035570e-01 1.287449999999999983e+00
9.574468085106382365e-01 1.287979999999999903e+00
9.665653495440729159e-01 1.288089999999999957e+00
9.756838905775075954e-01 1.288480000000000070e+00
9.848024316109421639e-01 1.288580000000000059e+00
9.939209726443768433e-01 1.288790000000000102e+00
1.003039513677811412e+00 1.288990000000000080e+00
1.012158054711246091e+00 1.289279999999999982e+00
1.021276595744680771e+00 1.289520000000000000e+00
1.030395136778115450e+00 1.289800000000000058e+00
1.039513677811550130e+00 1.289979999999999905e+00
1.048632218844984809e+00 1.290229999999999988e+00
1.057750759878419489e+00 1.290510000000000046e+00
1.066869300911853946e+00 1.290759999999999907e+00
1.075987841945288626e+00 1.291009999999999991e+00
1.085106382978723305e+00 1.291269999999999918e+00
1.094224924012157985e+00 1.291690000000000005e+00
1.103343465045592664e+00 1.291849999999999943e+00
1.112462006079027343e+00 1.292189999999999950e+00
1.121580547112462023e+00 1.292359999999999953e+00
1.130699088145896702e+00 1.292820000000000080e+00
1.139817629179331160e+00 1.292939999999999978e+00
1.148936170212765839e+00 1.293250000000000011e+00
1.158054711246200519e+00 1.293660000000000032e+00
1.167173252279635198e+00 1.293760000000000021e+00
1.176291793313069878e+00 1.293909999999999894e+00
1.185410334346504557e+00 1.294159999999999977e+00
1.194528875379939237e+00 1.294349999999999890e+00
1.203647416413373694e+00 1.294599999999999973e+00
1.212765957446808374e+00 1.294839999999999991e+00
1.221884498480243053e+00 1.295169999999999932e+00
1.231003039513677733e+00 1.295609999999999928e+00
1.240121580547112412e+00 1.295919999999999961e+00
1.249240121580547092e+00 1.296180000000000110e+00
1.258358662613981771e+00 1.296300000000000008e+00
1.267477203647416450e+00 1.296740000000000004e+00
1.276595744680850908e+00 1.296750000000000069e+00
1.285714285714285587e+00 1.296869999999999967e+00
1.294832826747720267e+00 1.297279999999999989e+00
1.303951367781154946e+00 1.297709999999999919e+00
1.313069908814589626e+00 1.297819999999999974e+00
1.322188449848024305e+00 1.298159999999999981e+00
1.331306990881458985e+00 1.298219999999999930e+00
1.340425531914893442e+00 1.298419999999999908e+00
1.349544072948328122e+00 1.298890000000000100e+00
1.358662613981762801e+00 1.299190000000000067e+00
1.367781155015197481e+00 1.299260000000000081e+00
1.376899696048632160e+00 1.299449999999999994e+00
1.386018237082066840e+00 1.299639999999999906e+00
1.395136778115501519e+00 1.300100000000000033e+00
1.404255319148936199e+00 1.300480000000000080e+00
1.413373860182370656e+00 1.300769999999999982e+00
1.422492401215805335e+00 1.300780000000000047e+00
1.431610942249240015e+00 1.300969999999999960e+00
1.440729483282674694e+00 1.301399999999999890e+00
1.449848024316109374e+00 1.301660000000000039e+00
1.458966565349544053e+00 1.301809999999999912e+00
1.468085106382978733e+00 1.302210000000000090e+00
1.477203647416413190e+00 1.302540000000000031e+00
1.486322188449847870e+00 1.302659999999999929e+00
1.495440729483282549e+00 1.302980000000000027e+00
1.504559270516717229e+00 1.303339999999999943e+00
1.513677811550151908e+00 1.303569999999999895e+00
1.522796352583586588e+00 1.303700000000000081e+00
1.531914893617021267e+00 1.304019999999999957e+00
1.541033434650455947e+00 1.304340000000000055e+00
1.550151975683890404e+00 1.304389999999999938e+00
1.559270516717325084e+00 1.304550000000000098e+00
1.568389057750759763e+00 1.304780000000000051e+00
1.577507598784194442e+00 1.305199999999999916e+00
1.586626139817629122e+00 1.305290000000000061e+00
1.595744680851063801e+00 1.305520000000000014e+00
1.604863221884498481e+00 1.305770000000000097e+00
1.613981762917932938e+00 1.306249999999999911e+00
1.623100303951367618e+00 1.306380000000000097e+00
1.632218844984802297e+00 1.306780000000000053e+00
1.641337386018236977e+00 1.307150000000000034e+00
1.650455927051671656e+00 1.307399999999999896e+00
1.659574468085106336e+00 1.307630000000000070e+00
1.668693009118541015e+00 1.307889999999999997e+00
1.677811550151975695e+00 1.307930000000000037e+00
1.686930091185410152e+00 1.308270000000000044e+00
1.696048632218844832e+00 1.308449999999999891e+00
1.705167173252279511e+00 1.308880000000000043e+00
1.714285714285714191e+00 1.308910000000000018e+00
1.723404255319148870e+00 1.309069999999999956e+00
1.732522796352583550e+00 1.309500000000000108e+00
1.741641337386018229e+00 1.309830000000000050e+00
1.750759878419452686e+00 1.309889999999999999e+00
1.759878419452887366e+00 1.310079999999999911e+00
1.768996960486322045e+00 1.310559999999999947e+00
1.778115501519756725e+00 1.310969999999999969e+00
1.787234042553191404e+00 1.311250000000000027e+00
1.796352583586626084e+00 1.311430000000000096e+00
1.805471124620060763e+00 1.311579999999999968e+00
1.814589665653495443e+00 1.311900000000000066e+00
1.823708206686929900e+00 1.312219999999999942e+00
1.832826747720364580e+00 1.312519999999999909e+00
1.841945288753799259e+00 1.312529999999999974e+00
1.851063829787233939e+00 1.312689999999999912e+00
1.860182370820668618e+00 1.313160000000000105e+00
1.869300911854103298e+00 1.313260000000000094e+00
1.878419452887537977e+00 1.313690000000000024e+00
1.887537993920972657e+00 1.314070000000000071e+00
1.896656534954407114e+00 1.314270000000000049e+00
1.905775075987841793e+00 1.314589999999999925e+00
1.914893617021276473e+00 1.314510000000000067e+00
1.924012158054711152e+00 1.314750000000000085e+00
1.933130699088145832e+00 1.314939999999999998e+00
1.942249240121580511e+00 1.315499999999999892e+00
1.951367781155015191e+00 1.315760000000000041e+00
1.960486322188449648e+00 1.315870000000000095e+00
1.969604863221884328e+00 1.316009999999999902e+00
1.978723404255319007e+00 1.316279999999999895e+00
1.987841945288753687e+00 1.316529999999999978e+00
1.996960486322188366e+00 1.316650000000000098e+00
2.006079027355622824e+00 1.317180000000000017e+00
2.015197568389057725e+00 1.317579999999999973e+00
2.024316109422492183e+00 1.317660000000000053e+00
2.033434650455927084e+00 1.318000000000000060e+00
2.042553191489361541e+00 1.318149999999999933e+00
2.051671732522796443e+00 1.318330000000000002e+00
2.060790273556230900e+00 1.318580000000000085e+00
2.069908814589665358e+00 1.319120000000000070e+00
2.079027355623100259e+00 1.319360000000000088e+00
2.088145896656534717e+00 1.319409999999999972e+00
2.097264437689969618e+00 1.319569999999999910e+00
2.106382978723404076e+00 1.319839999999999902e+00
2.115501519756838977e+00 1.320400000000000018e+00
2.124620060790273435e+00 1.320470000000000033e+00
2.133738601823707892e+00 1.320799999999999974e+00
2.142857142857142794e+00 1.320940000000000003e+00
2.151975683890577251e+00 1.321239999999999970e+00
2.161094224924012153e+00 1.321469999999999922e+00
2.170212765957446610e+00 1.321720000000000006e+00
2.179331306990881512e+00 1.321930000000000049e+00
2.188449848024315969e+00 1.322400000000000020e+00
2.197568389057750426e+00 1.322510000000000074e+00
2.206686930091185328e+00 1.322770000000000001e+00
2.215805471124619785e+00 1.323220000000000063e+00
2.224924012158054687e+00 1.323620000000000019e+00
2.234042553191489144e+00 1.323639999999999928e+00
2.243161094224924046e+00 1.323779999999999957e+00
2.252279635258358503e+00 1.324330000000000007e+00
2.261398176291793405e+00 1.324640000000000040e+00
2.270516717325227862e+00 1.324619999999999909e+00
2.279635258358662320e+00 1.325020000000000087e+00
2.288753799392097221e+00 1.325209999999999999e+00
2.297872340425531679e+00 1.325320000000000054e+00
2.306990881458966580e+00 1.325720000000000010e+00
2.316109422492401038e+00 1.326160000000000005e+00
2.325227963525835939e+00 1.326170000000000071e+00
2.334346504559270397e+00 1.326640000000000041e+00
2.343465045592704854e+00 1.326710000000000056e+00
2.352583586626139756e+00 1.326880000000000059e+00
2.361702127659574213e+00 1.327050000000000063e+00
2.370820668693009114e+00 1.327630000000000088e+00
2.379939209726443572e+00 1.327700000000000102e+00
2.389057750759878473e+00 1.328170000000000073e+00
2.398176291793312931e+00 1.328519999999999923e+00
2.407294832826747388e+00 1.328840000000000021e+00
2.416413373860182290e+00 1.328980000000000050e+00
2.425531914893616747e+00 1.329120000000000079e+00
2.434650455927051649e+00 1.329450000000000021e+00
2.443768996960486106e+00 1.329779999999999962e+00
2.452887537993921008e+00 1.330119999999999969e+00
2.462006079027355465e+00 1.330119999999999969e+00
2.471124620060790367e+00 1.330540000000000056e+00
2.480243161094224824e+00 1.330840000000000023e+00
2.489361702127659282e+00 1.330880000000000063e+00
2.498480243161094183e+00 1.330950000000000077e+00
2.507598784194528641e+00 1.331439999999999957e+00
2.516717325227963542e+00 1.331579999999999986e+00
2.525835866261397999e+00 1.331779999999999964e+00
2.534954407294832901e+00 1.331949999999999967e+00
2.544072948328267358e+00 1.332500000000000018e+00
2.553191489361701816e+00 1.332899999999999974e+00
2.562310030395136717e+00 1.332910000000000039e+00
2.571428571428571175e+00 1.333150000000000057e+00
2.580547112462006076e+00 1.333550000000000013e+00
2.589665653495440534e+00 1.333939999999999904e+00
2.598784194528875435e+00 1.334000000000000075e+00
2.607902735562309893e+00 1.334389999999999965e+00
2.617021276595744350e+00 1.334510000000000085e+00
2.626139817629179252e+00 1.334929999999999950e+00
2.635258358662613709e+00 1.335299999999999931e+00
2.644376899696048611e+00 1.335290000000000088e+00
2.653495440729483068e+00 1.335650000000000004e+00
2.662613981762917970e+00 1.336009999999999920e+00
2.671732522796352427e+00 1.336379999999999901e+00
2.680851063829786884e+00 1.336340000000000083e+00
2.689969604863221786e+00 1.336470000000000047e+00
2.699088145896656243e+00 1.336710000000000065e+00
2.708206686930091145e+00 1.337129999999999930e+00
2.717325227963525602e+00 1.337420000000000053e+00
2.726443768996960504e+00 1.337599999999999900e+00
2.735562310030394961e+00 1.337730000000000086e+00
2.744680851063829863e+00 1.338009999999999922e+00
2.753799392097264320e+00 1.338219999999999965e+00
2.762917933130698778e+00 1.338649999999999896e+00
2.772036474164133679e+00 1.338980000000000059e+00
2.781155015197568137e+00 1.339409999999999989e+00
2.790273556231003038e+00 1.339639999999999942e+00
2.799392097264437496e+00 1.340000000000000080e+00
2.808510638297872397e+00 1.340359999999999996e+00
2.817629179331306855e+00 1.340240000000000098e+00
2.826747720364741312e+00 1.340459999999999985e+00
2.835866261398176214e+00 1.340689999999999937e+00
2.844984802431610671e+00 1.341159999999999908e+00
2.854103343465045572e+00 1.341490000000000071e+00
2.863221884498480030e+00 1.341669999999999918e+00
2.872340425531914931e+00 1.342060000000000031e+00
2.881458966565349389e+00 1.342119999999999980e+00
2.890577507598783846e+00 1.342279999999999918e+00
2.899696048632218748e+00 1.342530000000000001e+00
2.908814589665653205e+00 1.342999999999999972e+00
2.917933130699088107e+00 1.343369999999999953e+00
2.927051671732522564e+00 1.343409999999999993e+00
2.936170212765957466e+00 1.343560000000000088e+00
2.945288753799391923e+00 1.343849999999999989e+00
2.954407294832826381e+00 1.344309999999999894e+00
2.963525835866261282e+00 1.344389999999999974e+00
2.972644376899695740e+00 1.344519999999999937e+00
2.981762917933130641e+00 1.344749999999999890e+00
2.990881458966565098e+00 1.345040000000000013e+00
3.000000000000000000e+00 1.345560000000000089e+00
