0.000000000000000000e+00 1.000220000000000109e+00
7.194244604316547137e-03 1.135070000000000023e+00
1.438848920863309427e-02 1.200909999999999922e+00
2.158273381294964141e-02 1.233000000000000096e+00
2.877697841726618855e-02 1.248399999999999954e+00
3.597122302158273222e-02 1.256010000000000071e+00
4.316546762589928282e-02 1.260070000000000023e+00
5.035971223021583343e-02 1.262170000000000014e+00
5.755395683453237710e-02 1.263060000000000072e+00
6.474820143884892076e-02 1.263600000000000056e+00
7.194244604316546443e-02 1.264119999999999910e+00
7.913669064748202198e-02 1.264499999999999957e+00
8.633093525179856564e-02 1.264599999999999946e+00
9.352517985611510931e-02 1.264710000000000001e+00
1.007194244604316669e-01 1.265099999999999891e+00
1.079136690647482105e-01 1.265409999999999924e+00
1.151079136690647542e-01 1.265719999999999956e+00
1.223021582733812979e-01 1.265619999999999967e+00
1.294964028776978415e-01 1.265749999999999931e+00
1.366906474820143991e-01 1.265870000000000051e+00
1.438848920863309289e-01 1.266000000000000014e+00
1.510791366906474864e-01 1.266259999999999941e+00
1.582733812949640440e-01 1.266590000000000105e+00
1.654676258992805737e-01 1.266890000000000072e+00
1.726618705035971313e-01 1.266950000000000021e+00
1.798561151079136888e-01 1.267039999999999944e+00
1.870503597122302186e-01 1.267519999999999980e+00
1.942446043165467762e-01 1.267560000000000020e+00
2.014388489208633337e-01 1.267949999999999910e+00
2.086330935251798635e-01 1.267919999999999936e+00
2.158273381294964210e-01 1.268250000000000099e+00
2.230215827338129508e-01 1.268510000000000026e+00
2.302158273381295084e-01 1.268520000000000092e+00
2.374100719424460659e-01 1.268639999999999990e+00
2.446043165467625957e-01 1.268820000000000059e+00
2.517985611510791255e-01 1.269279999999999964e+00
2.589928057553956831e-01 1.269519999999999982e+00
2.661870503597122406e-01 1.269539999999999891e+00
2.733812949640287981e-01 1.269760000000000000e+00
2.805755395683453557e-01 1.269900000000000029e+00
2.877697841726618577e-01 1.270210000000000061e+00
2.949640287769784153e-01 1.270410000000000039e+00
3.021582733812949728e-01 1.270469999999999988e+00
3.093525179856115304e-01 1.270590000000000108e+00
3.165467625899280879e-01 1.270739999999999981e+00
3.237410071942446455e-01 1.270909999999999984e+00
3.309352517985611475e-01 1.271150000000000002e+00
3.381294964028777050e-01 1.271570000000000089e+00
3.453237410071942626e-01 1.271900000000000031e+00
3.525179856115108201e-01 1.271840000000000082e+00
3.597122302158273777e-01 1.272140000000000049e+00
3.669064748201438797e-01 1.272189999999999932e+00
3.741007194244604372e-01 1.272559999999999913e+00
3.812949640287769948e-01 1.272860000000000102e+00
3.884892086330935523e-01 1.273150000000000004e+00
3.956834532374101099e-01 1.273139999999999938e+00
4.028776978417266674e-01 1.273279999999999967e+00
4.100719424460431695e-01 1.273470000000000102e+00
4.172661870503597270e-01 1.273789999999999978e+00
4.244604316546762846e-01 1.273830000000000018e+00
4.316546762589928421e-01 1.274010000000000087e+00
4.388489208633093996e-01 1.274280000000000079e+00
4.460431654676259017e-01 1.274559999999999915e+00
4.532374100719424592e-01 1.274629999999999930e+00
4.604316546762590168e-01 1.274909999999999988e+00
4.676258992805755743e-01 1.275160000000000071e+00
4.748201438848921319e-01 1.275439999999999907e+00
4.820143884892086339e-01 1.275519999999999987e+00
4.892086330935251914e-01 1.275800000000000045e+00
4.964028776978417490e-01 1.275870000000000060e+00
5.035971223021582510e-01 1.275910000000000100e+00
5.107913669064748641e-01 1.276080000000000103e+00
5.179856115107913661e-01 1.276499999999999968e+00
5.251798561151079792e-01 1.276599999999999957e+00
5.323741007194244812e-01 1.276850000000000041e+00
5.395683453237409832e-01 1.276920000000000055e+00
5.467625899280575963e-01 1.277079999999999993e+00
5.539568345323740983e-01 1.277220000000000022e+00
5.611510791366907114e-01 1.277390000000000025e+00
5.683453237410072134e-01 1.277819999999999956e+00
5.755395683453237154e-01 1.277949999999999919e+00
5.827338129496403285e-01 1.278289999999999926e+00
5.899280575539568305e-01 1.278589999999999893e+00
5.971223021582734436e-01 1.278599999999999959e+00
6.043165467625899456e-01 1.278980000000000006e+00
6.115107913669065587e-01 1.279009999999999980e+00
6.187050359712230607e-01 1.279300000000000104e+00
6.258992805755395628e-01 1.279349999999999987e+00
6.330935251798561758e-01 1.279430000000000067e+00
6.402877697841726778e-01 1.279830000000000023e+00
6.474820143884892909e-01 1.280159999999999965e+00
6.546762589928057929e-01 1.280469999999999997e+00
6.618705035971222950e-01 1.280419999999999892e+00
6.690647482014389080e-01 1.280739999999999990e+00
6.762589928057554101e-01 1.280909999999999993e+00
6.834532374100720231e-01 1.280909999999999993e+00
6.906474820143885252e-01 1.281009999999999982e+00
6.978417266187050272e-01 1.281430000000000069e+00
7.050359712230216402e-01 1.281490000000000018e+00
7.122302158273381423e-01 1.281700000000000061e+00
7.194244604316547553e-01 1.282089999999999952e+00
7.266187050359712574e-01 1.282059999999999977e+00
7.338129496402877594e-01 1.282429999999999959e+00
7.410071942446043725e-01 1.282540000000000013e+00
7.482014388489208745e-01 1.282650000000000068e+00
7.553956834532374875e-01 1.282810000000000006e+00
7.625899280575539896e-01 1.283220000000000027e+00
7.697841726618704916e-01 1.283519999999999994e+00
7.769784172661871047e-01 1.283800000000000052e+00
7.841726618705036067e-01 1.283900000000000041e+00
7.913669064748202198e-01 1.283870000000000067e+00
7.985611510791367218e-01 1.284189999999999943e+00
8.057553956834533349e-01 1.284489999999999910e+00
8.129496402877698369e-01 1.284480000000000066e+00
8.201438848920863389e-01 1.284599999999999964e+00
8.273381294964029520e-01 1.285069999999999935e+00
8.345323741007194540e-01 1.285109999999999975e+00
8.417266187050360671e-01 1.285379999999999967e+00
8.489208633093525691e-01 1.285360000000000058e+00
8.561151079136690711e-01 1.285500000000000087e+00
8.633093525179856842e-01 1.285730000000000040e+00
8.705035971223021862e-01 1.285879999999999912e+00
8.776978417266187993e-01 1.286340000000000039e+00
8.848920863309353013e-01 1.286699999999999955e+00
8.920863309352518034e-01 1.286710000000000020e+00
8.992805755395684164e-01 1.286829999999999918e+00
9.064748201438849184e-01 1.287260000000000071e+00
9.136690647482015315e-01 1.287400000000000100e+00
9.208633093525180335e-01 1.287600000000000078e+00
9.280575539568345356e-01 1.287709999999999910e+00
9.352517985611511486e-01 1.287830000000000030e+00
9.424460431654676507e-01 1.287979999999999903e+00
9.496402877697842637e-01 1.288140000000000063e+00
9.568345323741007658e-01 1.288550000000000084e+00
9.640287769784172678e-01 1.288910000000000000e+00
9.712230215827338808e-01 1.288839999999999986e+00
9.784172661870503829e-01 1.289260000000000073e+00
9.856115107913669959e-01 1.289220000000000033e+00
9.928057553956834980e-01 1.289360000000000062e+00
1.000000000000000000e+00 1.289449999999999985e+00
1.007194244604316502e+00 1.289670000000000094e+00
1.014388489208633226e+00 1.290189999999999948e+00
1.021582733812949728e+00 1.290419999999999900e+00
1.028776978417266230e+00 1.290480000000000071e+00
1.035971223021582732e+00 1.290750000000000064e+00
1.043165467625899234e+00 1.290810000000000013e+00
1.050359712230215958e+00 1.290980000000000016e+00
1.057553956834532460e+00 1.291109999999999980e+00
1.064748201438848962e+00 1.291539999999999910e+00
1.071942446043165464e+00 1.291849999999999943e+00
1.079136690647481966e+00 1.292059999999999986e+00
1.086330935251798691e+00 1.292280000000000095e+00
1.093525179856115193e+00 1.292259999999999964e+00
1.100719424460431695e+00 1.292599999999999971e+00
1.107913669064748197e+00 1.292880000000000029e+00
1.115107913669064699e+00 1.292910000000000004e+00
1.122302158273381423e+00 1.292999999999999927e+00
1.129496402877697925e+00 1.293160000000000087e+00
1.136690647482014427e+00 1.293299999999999894e+00
1.143884892086330929e+00 1.293469999999999898e+00
1.151079136690647431e+00 1.293860000000000010e+00
1.158273381294964155e+00 1.294159999999999977e+00
1.165467625899280657e+00 1.294489999999999919e+00
1.172661870503597159e+00 1.294510000000000050e+00
1.179856115107913661e+00 1.294569999999999999e+00
1.187050359712230385e+00 1.294980000000000020e+00
1.194244604316546887e+00 1.295150000000000023e+00
1.201438848920863389e+00 1.295390000000000041e+00
1.208633093525179891e+00 1.295670000000000099e+00
1.215827338129496393e+00 1.295709999999999917e+00
1.223021582733813117e+00 1.295760000000000023e+00
1.230215827338129619e+00 1.295960000000000001e+00
1.237410071942446121e+00 1.296410000000000062e+00
1.244604316546762623e+00 1.296680000000000055e+00
1.251798561151079126e+00 1.296650000000000080e+00
1.258992805755395850e+00 1.296959999999999891e+00
1.266187050359712352e+00 1.297239999999999949e+00
1.273381294964028854e+00 1.297500000000000098e+00
1.280575539568345356e+00 1.297490000000000032e+00
1.287769784172661858e+00 1.297800000000000065e+00
1.294964028776978582e+00 1.298070000000000057e+00
1.302158273381295084e+00 1.298030000000000017e+00
1.309352517985611586e+00 1.298359999999999959e+00
1.316546762589928088e+00 1.298419999999999908e+00
1.323741007194244590e+00 1.298529999999999962e+00
1.330935251798561314e+00 1.298959999999999892e+00
1.338129496402877816e+00 1.298990000000000089e+00
1.345323741007194318e+00 1.299139999999999961e+00
1.352517985611510820e+00 1.299339999999999939e+00
1.359712230215827322e+00 1.299509999999999943e+00
1.366906474820144046e+00 1.299719999999999986e+00
1.374100719424460548e+00 1.299889999999999990e+00
1.381294964028777050e+00 1.300280000000000102e+00
1.388489208633093552e+00 1.300429999999999975e+00
1.395683453237410054e+00 1.300559999999999938e+00
1.402877697841726778e+00 1.300980000000000025e+00
1.410071942446043280e+00 1.301050000000000040e+00
1.417266187050359783e+00 1.301120000000000054e+00
1.424460431654676285e+00 1.301569999999999894e+00
1.431654676258992787e+00 1.301930000000000032e+00
1.438848920863309511e+00 1.302019999999999955e+00
1.446043165467626013e+00 1.302089999999999970e+00
1.453237410071942515e+00 1.302389999999999937e+00
1.460431654676259017e+00 1.302659999999999929e+00
1.467625899280575519e+00 1.302959999999999896e+00
1.474820143884892243e+00 1.303129999999999900e+00
1.482014388489208745e+00 1.303160000000000096e+00
1.489208633093525247e+00 1.303420000000000023e+00
1.496402877697841749e+00 1.303630000000000067e+00
1.503597122302158251e+00 1.303860000000000019e+00
1.510791366906474975e+00 1.304140000000000077e+00
1.517985611510791477e+00 1.304110000000000102e+00
1.525179856115107979e+00 1.304400000000000004e+00
1.532374100719424481e+00 1.304619999999999891e+00
1.539568345323740983e+00 1.304850000000000065e+00
1.546762589928057707e+00 1.304869999999999974e+00
1.553956834532374209e+00 1.305209999999999981e+00
1.561151079136690711e+00 1.305439999999999934e+00
1.568345323741007213e+00 1.305700000000000083e+00
1.575539568345323715e+00 1.305630000000000068e+00
1.582733812949640440e+00 1.305989999999999984e+00
1.589928057553956942e+00 1.306249999999999911e+00
1.597122302158273444e+00 1.306480000000000086e+00
1.604316546762589946e+00 1.306680000000000064e+00
1.611510791366906670e+00 1.306689999999999907e+00
1.618705035971223172e+00 1.307020000000000071e+00
1.625899280575539674e+00 1.307269999999999932e+00
1.633093525179856176e+00 1.307260000000000089e+00
1.640287769784172678e+00 1.307649999999999979e+00
1.647482014388489402e+00 1.307979999999999920e+00
1.654676258992805904e+00 1.308170000000000055e+00
1.661870503597122406e+00 1.308400000000000007e+00
1.669064748201438908e+00 1.308380000000000098e+00
1.676258992805755410e+00 1.308729999999999949e+00
1.683453237410072134e+00 1.308780000000000054e+00
1.690647482014388636e+00 1.308769999999999989e+00
1.697841726618705138e+00 1.308950000000000058e+00
1.705035971223021640e+00 1.309139999999999970e+00
1.712230215827338142e+00 1.309539999999999926e+00
1.719424460431654866e+00 1.309660000000000046e+00
1.726618705035971368e+00 1.309830000000000050e+00
1.733812949640287870e+00 1.310230000000000006e+00
1.741007194244604372e+00 1.310300000000000020e+00
1.748201438848920874e+00 1.310589999999999922e+00
1.755395683453237599e+00 1.310619999999999896e+00
1.762589928057554101e+00 1.311050000000000049e+00
1.769784172661870603e+00 1.311290000000000067e+00
1.776978417266187105e+00 1.311339999999999950e+00
1.784172661870503607e+00 1.311399999999999899e+00
1.791366906474820331e+00 1.311819999999999986e+00
1.798561151079136833e+00 1.311879999999999935e+00
1.805755395683453335e+00 1.312279999999999891e+00
1.812949640287769837e+00 1.312619999999999898e+00
1.820143884892086339e+00 1.312850000000000072e+00
1.827338129496403063e+00 1.313099999999999934e+00
1.834532374100719565e+00 1.313290000000000068e+00
1.841726618705036067e+00 1.313460000000000072e+00
1.848920863309352569e+00 1.313669999999999893e+00
1.856115107913669071e+00 1.313669999999999893e+00
1.863309352517985795e+00 1.313749999999999973e+00
1.870503597122302297e+00 1.313900000000000068e+00
1.877697841726618799e+00 1.314089999999999980e+00
1.884892086330935301e+00 1.314249999999999918e+00
1.892086330935251803e+00 1.314459999999999962e+00
1.899280575539568527e+00 1.314680000000000071e+00
1.906474820143885029e+00 1.315080000000000027e+00
1.913669064748201532e+00 1.315199999999999925e+00
1.920863309352518034e+00 1.315269999999999939e+00
1.928057553956834536e+00 1.315450000000000008e+00
1.935251798561151260e+00 1.315660000000000052e+00
1.942446043165467762e+00 1.316089999999999982e+00
1.949640287769784264e+00 1.316140000000000088e+00
1.956834532374100766e+00 1.316449999999999898e+00
1.964028776978417268e+00 1.316589999999999927e+00
1.971223021582733992e+00 1.316940000000000000e+00
1.978417266187050494e+00 1.316999999999999948e+00
1.985611510791366996e+00 1.317269999999999941e+00
1.992805755395683498e+00 1.317469999999999919e+00
2.000000000000000000e+00 1.317709999999999937e+00
2.007194244604316502e+00 1.317749999999999977e+00
2.014388489208633004e+00 1.317849999999999966e+00
2.021582733812949950e+00 1.318140000000000089e+00
2.028776978417266452e+00 1.318319999999999936e+00
2.035971223021582954e+00 1.318759999999999932e+00
2.043165467625899456e+00 1.318780000000000063e+00
2.050359712230215958e+00 1.319110000000000005e+00
2.057553956834532460e+00 1.319220000000000059e+00
2.064748201438848962e+00 1.319369999999999932e+00
2.071942446043165464e+00 1.319739999999999913e+00
2.079136690647481966e+00 1.320019999999999971e+00
2.086330935251798468e+00 1.320289999999999964e+00
2.093525179856115415e+00 1.320259999999999989e+00
2.100719424460431917e+00 1.320619999999999905e+00
2.107913669064748419e+00 1.320549999999999891e+00
2.115107913669064921e+00 1.320699999999999985e+00
2.122302158273381423e+00 1.321129999999999916e+00
2.129496402877697925e+00 1.321250000000000036e+00
2.136690647482014427e+00 1.321360000000000090e+00
2.143884892086330929e+00 1.321560000000000068e+00
2.151079136690647431e+00 1.321960000000000024e+00
2.158273381294963933e+00 1.322060000000000013e+00
2.165467625899280879e+00 1.322240000000000082e+00
2.172661870503597381e+00 1.322559999999999958e+00
2.179856115107913883e+00 1.322650000000000103e+00
2.187050359712230385e+00 1.323039999999999994e+00
2.194244604316546887e+00 1.323369999999999935e+00
2.201438848920863389e+00 1.323399999999999910e+00
2.208633093525179891e+00 1.323450000000000015e+00
2.215827338129496393e+00 1.323819999999999997e+00
2.223021582733812895e+00 1.323900000000000077e+00
2.230215827338129397e+00 1.324019999999999975e+00
2.237410071942446343e+00 1.324200000000000044e+00
2.244604316546762846e+00 1.324340000000000073e+00
2.251798561151079348e+00 1.324740000000000029e+00
2.258992805755395850e+00 1.325110000000000010e+00
2.266187050359712352e+00 1.325309999999999988e+00
2.273381294964028854e+00 1.325560000000000072e+00
2.280575539568345356e+00 1.325790000000000024e+00
2.287769784172661858e+00 1.325800000000000090e+00
2.294964028776978360e+00 1.326149999999999940e+00
2.302158273381294862e+00 1.326410000000000089e+00
2.309352517985611808e+00 1.326600000000000001e+00
2.316546762589928310e+00 1.326570000000000027e+00
2.323741007194244812e+00 1.326950000000000074e+00
2.330935251798561314e+00 1.326969999999999983e+00
2.338129496402877816e+00 1.327309999999999990e+00
2.345323741007194318e+00 1.327420000000000044e+00
2.352517985611510820e+00 1.327779999999999960e+00
2.359712230215827322e+00 1.328019999999999978e+00
2.366906474820143824e+00 1.328300000000000036e+00
2.374100719424460770e+00 1.328559999999999963e+00
2.381294964028777272e+00 1.328540000000000054e+00
2.388489208633093774e+00 1.328799999999999981e+00
2.395683453237410276e+00 1.328789999999999916e+00
2.402877697841726778e+00 1.329180000000000028e+00
2.410071942446043280e+00 1.329530000000000101e+00
2.417266187050359783e+00 1.329760000000000053e+00
2.424460431654676285e+00 1.329760000000000053e+00
2.431654676258992787e+00 1.330079999999999929e+00
2.438848920863309289e+00 1.330379999999999896e+00
2.446043165467626235e+00 1.330359999999999987e+00
2.453237410071942737e+00 1.330470000000000041e+00
2.460431654676259239e+00 1.330549999999999899e+00
2.467625899280575741e+00 1.330640000000000045e+00
2.474820143884892243e+00 1.331159999999999899e+00
2.482014388489208745e+00 1.331479999999999997e+00
2.489208633093525247e+00 1.331779999999999964e+00
2.496402877697841749e+00 1.331739999999999924e+00
2.503597122302158251e+00 1.332089999999999996e+00
2.510791366906474753e+00 1.332100000000000062e+00
2.517985611510791699e+00 1.332480000000000109e+00
2.525179856115108201e+00 1.332540000000000058e+00
2.532374100719424703e+00 1.332649999999999890e+00
2.539568345323741205e+00 1.332789999999999919e+00
2.546762589928057707e+00 1.333129999999999926e+00
2.553956834532374209e+00 1.333539999999999948e+00
2.561151079136690711e+00 1.333539999999999948e+00
2.568345323741007213e+00 1.333860000000000046e+00
2.575539568345323715e+00 1.334140000000000104e+00
2.582733812949640217e+00 1.334370000000000056e+00
2.589928057553957164e+00 1.334410000000000096e+00
2.597122302158273666e+00 1.334780000000000078e+00
2.604316546762590168e+00 1.334840000000000027e+00
2.611510791366906670e+00 1.335120000000000084e+00
2.618705035971223172e+00 1.335159999999999902e+00
2.625899280575539674e+00 1.335530000000000106e+00
2.633093525179856176e+00 1.335830000000000073e+00
2.640287769784172678e+00 1.336109999999999909e+00
2.647482014388489180e+00 1.336160000000000014e+00
2.654676258992805682e+00 1.336500000000000021e+00
2.661870503597122628e+00 1.336719999999999908e+00
2.669064748201439130e+00 1.336840000000000028e+00
2.676258992805755632e+00 1.337010000000000032e+00
2.683453237410072134e+00 1.337110000000000021e+00
2.690647482014388636e+00 1.337210000000000010e+00
2.697841726618705138e+00 1.337360000000000104e+00
2.705035971223021640e+00 1.337550000000000017e+00
2.712230215827338142e+00 1.337990000000000013e+00
2.719424460431654644e+00 1.338340000000000085e+00
2.726618705035971146e+00 1.338559999999999972e+00
2.733812949640288092e+00 1.338819999999999899e+00
2.741007194244604595e+00 1.338750000000000107e+00
2.748201438848921097e+00 1.338829999999999965e+00
2.755395683453237599e+00 1.339029999999999943e+00
2.762589928057554101e+00 1.339450000000000029e+00
2.769784172661870603e+00 1.339699999999999891e+00
2.776978417266187105e+00 1.339960000000000040e+00
2.784172661870503607e+00 1.340240000000000098e+00
2.791366906474820109e+00 1.340249999999999941e+00
2.798561151079137055e+00 1.340479999999999894e+00
2.805755395683453557e+00 1.340540000000000065e+00
2.812949640287770059e+00 1.340629999999999988e+00
2.820143884892086561e+00 1.340829999999999966e+00
2.827338129496403063e+00 1.341299999999999937e+00
2.834532374100719565e+00 1.341660000000000075e+00
2.841726618705036067e+00 1.341820000000000013e+00
2.848920863309352569e+00 1.342060000000000031e+00
2.856115107913669071e+00 1.342039999999999900e+00
2.863309352517985573e+00 1.342440000000000078e+00
2.870503597122302519e+00 1.342610000000000081e+00
2.877697841726619021e+00 1.342600000000000016e+00
2.884892086330935523e+00 1.342950000000000088e+00
2.892086330935252025e+00 1.343229999999999924e+00
2.899280575539568527e+00 1.343509999999999982e+00
2.906474820143885029e+00 1.343460000000000099e+00
2.913669064748201532e+00 1.343609999999999971e+00
2.920863309352518034e+00 1.343790000000000040e+00
2.928057553956834536e+00 1.344149999999999956e+00
2.935251798561151038e+00 1.344189999999999996e+00
2.942446043165467984e+00 1.344619999999999926e+00
2.949640287769784486e+00 1.344980000000000064e+00
2.956834532374100988e+00 1.345180000000000042e+00
2.964028776978417490e+00 1.345199999999999951e+00
2.971223021582733992e+00 1.345269999999999966e+00
2.978417266187050494e+00 1.345650000000000013e+00
2.985611510791366996e+00 1.345979999999999954e+00
2.992805755395683498e+00 1.346279999999999921e+00
3.000000000000000000e+00 1.346279999999999921e+00
