0.000000000000000000e+00 1.000329999999999941e+00
1.199999999999999956e-01 1.248660000000000103e+00
2.399999999999999911e-01 1.264620000000000077e+00
3.599999999999999867e-01 1.268499999999999961e+00
4.799999999999999822e-01 1.272029999999999994e+00
5.999999999999999778e-01 1.275139999999999940e+00
7.199999999999999734e-01 1.278310000000000057e+00
8.399999999999999689e-01 1.281760000000000010e+00
9.599999999999999645e-01 1.285160000000000080e+00
1.080000000000000071e+00 1.287889999999999979e+00
1.199999999999999956e+00 1.291619999999999990e+00
1.319999999999999840e+00 1.294869999999999965e+00
1.439999999999999947e+00 1.298100000000000032e+00
1.560000000000000053e+00 1.301590000000000025e+00
1.679999999999999938e+00 1.304699999999999971e+00
1.799999999999999822e+00 1.308070000000000066e+00
1.919999999999999929e+00 1.311569999999999903e+00
2.040000000000000036e+00 1.314880000000000049e+00
2.160000000000000142e+00 1.318070000000000075e+00
2.279999999999999805e+00 1.321600000000000108e+00
2.399999999999999911e+00 1.325059999999999905e+00
2.520000000000000018e+00 1.328119999999999967e+00
2.639999999999999680e+00 1.331890000000000018e+00
2.759999999999999787e+00 1.335169999999999968e+00
2.879999999999999893e+00 1.338780000000000081e+00
3.000000000000000000e+00 1.342009999999999925e+00
