0.000000000000000000e+00 1.000229999999999952e+00
6.465517241379310255e-03 1.128130000000000077e+00
1.293103448275862051e-02 1.193780000000000063e+00
1.939655172413793163e-02 1.227649999999999908e+00
2.586206896551724102e-02 1.245130000000000070e+00
3.232758620689655388e-02 1.254170000000000007e+00
3.879310344827586327e-02 1.258860000000000090e+00
4.525862068965517265e-02 1.261179999999999968e+00
5.172413793103448204e-02 1.262559999999999905e+00
5.818965517241379143e-02 1.263249999999999984e+00
6.465517241379310776e-02 1.263619999999999965e+00
7.112068965517241714e-02 1.263889999999999958e+00
7.758620689655172653e-02 1.264399999999999968e+00
8.405172413793103592e-02 1.264699999999999935e+00
9.051724137931034531e-02 1.264699999999999935e+00
9.698275862068965469e-02 1.265050000000000008e+00
1.034482758620689641e-01 1.265060000000000073e+00
1.099137931034482735e-01 1.265419999999999989e+00
1.163793103448275829e-01 1.265419999999999989e+00
1.228448275862068922e-01 1.265740000000000087e+00
1.293103448275862155e-01 1.266010000000000080e+00
1.357758620689655249e-01 1.266170000000000018e+00
1.422413793103448343e-01 1.266429999999999945e+00
1.487068965517241437e-01 1.266410000000000036e+00
1.551724137931034531e-01 1.266620000000000079e+00
1.616379310344827624e-01 1.266690000000000094e+00
1.681034482758620718e-01 1.266969999999999930e+00
1.745689655172413812e-01 1.267020000000000035e+00
1.810344827586206906e-01 1.267130000000000090e+00
1.875000000000000000e-01 1.267539999999999889e+00
1.939655172413793094e-01 1.267779999999999907e+00
2.004310344827586188e-01 1.268040000000000056e+00
2.068965517241379282e-01 1.268280000000000074e+00
2.133620689655172376e-01 1.268450000000000077e+00
2.198275862068965469e-01 1.268520000000000092e+00
2.262931034482758563e-01 1.268659999999999899e+00
2.327586206896551657e-01 1.268850000000000033e+00
2.392241379310344751e-01 1.268999999999999906e+00
2.456896551724137845e-01 1.269179999999999975e+00
2.521551724137930939e-01 1.269390000000000018e+00
2.586206896551724310e-01 1.269600000000000062e+00
2.650862068965517127e-01 1.269539999999999891e+00
2.715517241379310498e-01 1.269810000000000105e+00
2.780172413793103314e-01 1.270070000000000032e+00
2.844827586206896686e-01 1.270299999999999985e+00
2.909482758620689502e-01 1.270459999999999923e+00
2.974137931034482873e-01 1.270420000000000105e+00
3.038793103448275690e-01 1.270620000000000083e+00
3.103448275862069061e-01 1.270790000000000086e+00
3.168103448275861878e-01 1.271120000000000028e+00
3.232758620689655249e-01 1.271120000000000028e+00
3.297413793103448065e-01 1.271179999999999977e+00
3.362068965517241437e-01 1.271430000000000060e+00
3.426724137931034253e-01 1.271689999999999987e+00
3.491379310344827624e-01 1.271789999999999976e+00
3.556034482758620441e-01 1.271859999999999991e+00
3.620689655172413812e-01 1.272019999999999929e+00
3.685344827586206629e-01 1.272410000000000041e+00
3.750000000000000000e-01 1.272710000000000008e+00
3.814655172413792816e-01 1.272860000000000102e+00
3.879310344827586188e-01 1.273030000000000106e+00
3.943965517241379004e-01 1.273239999999999927e+00
4.008620689655172376e-01 1.273470000000000102e+00
4.073275862068965192e-01 1.273430000000000062e+00
4.137931034482758563e-01 1.273500000000000076e+00
4.202586206896551935e-01 1.273819999999999952e+00
4.267241379310344751e-01 1.273859999999999992e+00
4.331896551724138122e-01 1.274140000000000050e+00
4.396551724137930939e-01 1.274210000000000065e+00
4.461206896551724310e-01 1.274350000000000094e+00
4.525862068965517127e-01 1.274750000000000050e+00
4.590517241379310498e-01 1.274790000000000090e+00
4.655172413793103314e-01 1.274899999999999922e+00
4.719827586206896686e-01 1.275230000000000086e+00
4.784482758620689502e-01 1.275490000000000013e+00
4.849137931034482873e-01 1.275470000000000104e+00
4.913793103448275690e-01 1.275830000000000020e+00
4.978448275862069061e-01 1.276049999999999907e+00
5.043103448275861878e-01 1.276280000000000081e+00
5.107758620689655249e-01 1.276270000000000016e+00
5.172413793103448620e-01 1.276510000000000034e+00
5.237068965517240882e-01 1.276729999999999920e+00
5.301724137931034253e-01 1.276769999999999960e+00
5.366379310344827624e-01 1.277090000000000058e+00
5.431034482758620996e-01 1.277390000000000025e+00
5.495689655172413257e-01 1.277609999999999912e+00
5.560344827586206629e-01 1.277519999999999989e+00
5.625000000000000000e-01 1.277579999999999938e+00
5.689655172413793371e-01 1.277689999999999992e+00
5.754310344827585633e-01 1.277809999999999890e+00
5.818965517241379004e-01 1.277979999999999894e+00
5.883620689655172376e-01 1.278149999999999897e+00
5.948275862068965747e-01 1.278540000000000010e+00
6.012931034482758008e-01 1.278869999999999951e+00
6.077586206896551380e-01 1.278939999999999966e+00
6.142241379310344751e-01 1.279300000000000104e+00
6.206896551724138122e-01 1.279330000000000078e+00
6.271551724137931494e-01 1.279379999999999962e+00
6.336206896551723755e-01 1.279670000000000085e+00
6.400862068965517127e-01 1.279910000000000103e+00
6.465517241379310498e-01 1.279919999999999947e+00
6.530172413793103869e-01 1.280040000000000067e+00
6.594827586206896131e-01 1.280440000000000023e+00
6.659482758620689502e-01 1.280489999999999906e+00
6.724137931034482873e-01 1.280790000000000095e+00
6.788793103448276245e-01 1.281060000000000088e+00
6.853448275862068506e-01 1.280990000000000073e+00
6.918103448275861878e-01 1.281069999999999931e+00
6.982758620689655249e-01 1.281420000000000003e+00
7.047413793103448620e-01 1.281539999999999901e+00
7.112068965517240882e-01 1.281619999999999981e+00
7.176724137931034253e-01 1.281789999999999985e+00
7.241379310344827624e-01 1.282129999999999992e+00
7.306034482758620996e-01 1.282380000000000075e+00
7.370689655172413257e-01 1.282399999999999984e+00
7.435344827586206629e-01 1.282659999999999911e+00
7.500000000000000000e-01 1.282999999999999918e+00
7.564655172413793371e-01 1.282939999999999969e+00
7.629310344827585633e-01 1.282969999999999944e+00
7.693965517241379004e-01 1.283160000000000078e+00
7.758620689655172376e-01 1.283630000000000049e+00
7.823275862068965747e-01 1.283889999999999976e+00
7.887931034482758008e-01 1.284059999999999979e+00
7.952586206896551380e-01 1.284070000000000045e+00
8.017241379310344751e-01 1.284149999999999903e+00
8.081896551724138122e-01 1.284299999999999997e+00
8.146551724137930384e-01 1.284699999999999953e+00
8.211206896551723755e-01 1.284690000000000110e+00
8.275862068965517127e-01 1.284799999999999942e+00
8.340517241379310498e-01 1.285179999999999989e+00
8.405172413793103869e-01 1.285439999999999916e+00
8.469827586206896131e-01 1.285460000000000047e+00
8.534482758620689502e-01 1.285819999999999963e+00
8.599137931034482873e-01 1.286110000000000086e+00
8.663793103448276245e-01 1.286270000000000024e+00
8.728448275862068506e-01 1.286229999999999984e+00
8.793103448275861878e-01 1.286429999999999962e+00
8.857758620689655249e-01 1.286729999999999929e+00
8.922413793103448620e-01 1.286990000000000078e+00
8.987068965517240882e-01 1.286960000000000104e+00
9.051724137931034253e-01 1.286999999999999922e+00
9.116379310344827624e-01 1.287420000000000009e+00
9.181034482758620996e-01 1.287579999999999947e+00
9.245689655172413257e-01 1.287809999999999899e+00
9.310344827586206629e-01 1.287830000000000030e+00
9.375000000000000000e-01 1.288089999999999957e+00
9.439655172413793371e-01 1.288319999999999910e+00
9.504310344827585633e-01 1.288359999999999950e+00
9.568965517241379004e-01 1.288429999999999964e+00
9.633620689655172376e-01 1.288739999999999997e+00
9.698275862068965747e-01 1.288750000000000062e+00
9.762931034482758008e-01 1.289069999999999938e+00
9.827586206896551380e-01 1.289420000000000011e+00
9.892241379310344751e-01 1.289740000000000109e+00
9.956896551724138122e-01 1.289940000000000087e+00
1.002155172413793149e+00 1.289840000000000098e+00
1.008620689655172376e+00 1.289879999999999916e+00
1.015086206896551602e+00 1.290019999999999945e+00
1.021551724137931050e+00 1.290159999999999973e+00
1.028017241379310276e+00 1.290359999999999951e+00
1.034482758620689724e+00 1.290620000000000100e+00
1.040948275862068950e+00 1.290699999999999958e+00
1.047413793103448176e+00 1.290820000000000078e+00
1.053879310344827624e+00 1.291020000000000056e+00
1.060344827586206851e+00 1.291190000000000060e+00
1.066810344827586299e+00 1.291649999999999965e+00
1.073275862068965525e+00 1.291840000000000099e+00
1.079741379310344751e+00 1.292140000000000066e+00
1.086206896551724199e+00 1.292140000000000066e+00
1.092672413793103425e+00 1.292489999999999917e+00
1.099137931034482651e+00 1.292519999999999891e+00
1.105603448275862100e+00 1.292569999999999997e+00
1.112068965517241326e+00 1.292620000000000102e+00
1.118534482758620774e+00 1.292729999999999935e+00
1.125000000000000000e+00 1.292910000000000004e+00
1.131465517241379226e+00 1.293330000000000091e+00
1.137931034482758674e+00 1.293469999999999898e+00
1.144396551724137900e+00 1.293590000000000018e+00
1.150862068965517127e+00 1.293709999999999916e+00
1.157327586206896575e+00 1.294070000000000054e+00
1.163793103448275801e+00 1.294140000000000068e+00
1.170258620689655249e+00 1.294259999999999966e+00
1.176724137931034475e+00 1.294459999999999944e+00
1.183189655172413701e+00 1.294839999999999991e+00
1.189655172413793149e+00 1.294910000000000005e+00
1.196120689655172376e+00 1.295250000000000012e+00
1.202586206896551602e+00 1.295449999999999990e+00
1.209051724137931050e+00 1.295749999999999957e+00
1.215517241379310276e+00 1.295960000000000001e+00
1.221982758620689724e+00 1.296180000000000110e+00
1.228448275862068950e+00 1.296329999999999982e+00
1.234913793103448176e+00 1.296540000000000026e+00
1.241379310344827624e+00 1.296650000000000080e+00
1.247844827586206851e+00 1.296640000000000015e+00
1.254310344827586299e+00 1.296750000000000069e+00
1.260775862068965525e+00 1.297020000000000062e+00
1.267241379310344751e+00 1.297350000000000003e+00
1.273706896551724199e+00 1.297530000000000072e+00
1.280172413793103425e+00 1.297739999999999894e+00
1.286637931034482651e+00 1.297730000000000050e+00
1.293103448275862100e+00 1.297970000000000068e+00
1.299568965517241326e+00 1.298030000000000017e+00
1.306034482758620774e+00 1.298089999999999966e+00
1.312500000000000000e+00 1.298489999999999922e+00
1.318965517241379226e+00 1.298550000000000093e+00
1.325431034482758674e+00 1.298640000000000017e+00
1.331896551724137900e+00 1.298729999999999940e+00
1.338362068965517127e+00 1.298890000000000100e+00
1.344827586206896575e+00 1.299069999999999947e+00
1.351293103448275801e+00 1.299239999999999950e+00
1.357758620689655249e+00 1.299679999999999946e+00
1.364224137931034475e+00 1.299690000000000012e+00
1.370689655172413701e+00 1.300030000000000019e+00
1.377155172413793149e+00 1.300100000000000033e+00
1.383620689655172376e+00 1.300470000000000015e+00
1.390086206896551602e+00 1.300599999999999978e+00
1.396551724137931050e+00 1.300680000000000058e+00
1.403017241379310276e+00 1.300959999999999894e+00
1.409482758620689724e+00 1.301220000000000043e+00
1.415948275862068950e+00 1.301469999999999905e+00
1.422413793103448176e+00 1.301670000000000105e+00
1.428879310344827624e+00 1.301909999999999901e+00
1.435344827586206851e+00 1.301870000000000083e+00
1.441810344827586077e+00 1.302119999999999944e+00
1.448275862068965525e+00 1.302329999999999988e+00
1.454741379310344751e+00 1.302300000000000013e+00
1.461206896551724199e+00 1.302629999999999955e+00
1.467672413793103425e+00 1.302899999999999947e+00
1.474137931034482651e+00 1.303069999999999951e+00
1.480603448275862100e+00 1.303379999999999983e+00
1.487068965517241326e+00 1.303500000000000103e+00
1.493534482758620774e+00 1.303700000000000081e+00
1.500000000000000000e+00 1.303909999999999902e+00
1.506465517241379226e+00 1.304149999999999920e+00
1.512931034482758674e+00 1.304210000000000091e+00
1.519396551724137900e+00 1.304189999999999960e+00
1.525862068965517127e+00 1.304429999999999978e+00
1.532327586206896575e+00 1.304699999999999971e+00
1.538793103448275801e+00 1.304950000000000054e+00
1.545258620689655249e+00 1.304920000000000080e+00
1.551724137931034475e+00 1.305129999999999901e+00
1.558189655172413701e+00 1.305139999999999967e+00
1.564655172413793149e+00 1.305439999999999934e+00
1.571120689655172376e+00 1.305449999999999999e+00
1.577586206896551602e+00 1.305590000000000028e+00
1.584051724137931050e+00 1.305949999999999944e+00
1.590517241379310276e+00 1.306340000000000057e+00
1.596982758620689724e+00 1.306370000000000031e+00
1.603448275862068950e+00 1.306459999999999955e+00
1.609913793103448176e+00 1.306799999999999962e+00
1.616379310344827624e+00 1.307120000000000060e+00
1.622844827586206851e+00 1.307330000000000103e+00
1.629310344827586077e+00 1.307250000000000023e+00
1.635775862068965525e+00 1.307239999999999958e+00
1.642241379310344751e+00 1.307609999999999939e+00
1.648706896551724199e+00 1.307909999999999906e+00
1.655172413793103425e+00 1.308189999999999964e+00
1.661637931034482651e+00 1.308200000000000029e+00
1.668103448275862100e+00 1.308289999999999953e+00
1.674568965517241326e+00 1.308589999999999920e+00
1.681034482758620774e+00 1.308640000000000025e+00
1.687500000000000000e+00 1.308939999999999992e+00
1.693965517241379226e+00 1.309180000000000010e+00
1.700431034482758674e+00 1.309229999999999894e+00
1.706896551724137900e+00 1.309600000000000097e+00
1.713362068965517127e+00 1.309560000000000057e+00
1.719827586206896575e+00 1.309849999999999959e+00
1.726293103448275801e+00 1.309940000000000104e+00
1.732758620689655249e+00 1.310270000000000046e+00
1.739224137931034475e+00 1.310559999999999947e+00
1.745689655172413701e+00 1.310810000000000031e+00
1.752155172413793149e+00 1.310969999999999969e+00
1.758620689655172376e+00 1.311190000000000078e+00
1.765086206896551602e+00 1.311420000000000030e+00
1.771551724137931050e+00 1.311539999999999928e+00
1.778017241379310276e+00 1.311679999999999957e+00
1.784482758620689724e+00 1.311639999999999917e+00
1.790948275862068950e+00 1.311979999999999924e+00
1.797413793103448176e+00 1.312289999999999957e+00
1.803879310344827624e+00 1.312210000000000099e+00
1.810344827586206851e+00 1.312480000000000091e+00
1.816810344827586077e+00 1.312729999999999952e+00
1.823275862068965525e+00 1.312740000000000018e+00
1.829741379310344751e+00 1.313020000000000076e+00
1.836206896551724199e+00 1.313209999999999988e+00
1.842672413793103425e+00 1.313450000000000006e+00
1.849137931034482651e+00 1.313469999999999915e+00
1.855603448275862100e+00 1.313790000000000013e+00
1.862068965517241326e+00 1.313800000000000079e+00
1.868534482758620774e+00 1.313860000000000028e+00
1.875000000000000000e+00 1.314279999999999893e+00
1.881465517241379226e+00 1.314500000000000002e+00
1.887931034482758674e+00 1.314759999999999929e+00
1.894396551724137900e+00 1.315010000000000012e+00
1.900862068965517127e+00 1.315190000000000081e+00
1.907327586206896575e+00 1.315129999999999910e+00
1.913793103448275801e+00 1.315190000000000081e+00
1.920258620689655249e+00 1.315509999999999957e+00
1.926724137931034475e+00 1.315549999999999997e+00
1.933189655172413701e+00 1.315679999999999961e+00
1.939655172413793149e+00 1.316070000000000073e+00
1.946120689655172376e+00 1.316140000000000088e+00
1.952586206896551602e+00 1.316219999999999946e+00
1.959051724137931050e+00 1.316349999999999909e+00
1.965517241379310276e+00 1.316750000000000087e+00
1.971982758620689724e+00 1.317069999999999963e+00
1.978448275862068950e+00 1.317360000000000086e+00
1.984913793103448176e+00 1.317350000000000021e+00
1.991379310344827624e+00 1.317379999999999995e+00
1.997844827586206851e+00 1.317709999999999937e+00
2.004310344827586299e+00 1.318000000000000060e+00
2.010775862068965303e+00 1.318300000000000027e+00
2.017241379310344751e+00 1.318189999999999973e+00
2.023706896551724199e+00 1.318540000000000045e+00
2.030172413793103203e+00 1.318829999999999947e+00
2.036637931034482651e+00 1.318750000000000089e+00
2.043103448275862100e+00 1.318799999999999972e+00
2.049568965517241548e+00 1.318920000000000092e+00
2.056034482758620552e+00 1.319020000000000081e+00
2.062500000000000000e+00 1.319190000000000085e+00
2.068965517241379448e+00 1.319600000000000106e+00
2.075431034482758452e+00 1.319919999999999982e+00
2.081896551724137900e+00 1.319939999999999891e+00
2.088362068965517349e+00 1.320030000000000037e+00
2.094827586206896353e+00 1.320149999999999935e+00
2.101293103448275801e+00 1.320480000000000098e+00
2.107758620689655249e+00 1.320750000000000091e+00
2.114224137931034253e+00 1.320869999999999989e+00
2.120689655172413701e+00 1.321199999999999930e+00
2.127155172413793149e+00 1.321499999999999897e+00
2.133620689655172598e+00 1.321709999999999940e+00
2.140086206896551602e+00 1.321939999999999893e+00
2.146551724137931050e+00 1.321900000000000075e+00
2.153017241379310498e+00 1.321960000000000024e+00
2.159482758620689502e+00 1.322049999999999947e+00
2.165948275862068950e+00 1.322449999999999903e+00
2.172413793103448398e+00 1.322750000000000092e+00
2.178879310344827402e+00 1.322740000000000027e+00
2.185344827586206851e+00 1.323110000000000008e+00
2.191810344827586299e+00 1.323090000000000099e+00
2.198275862068965303e+00 1.323159999999999892e+00
2.204741379310344751e+00 1.323320000000000052e+00
2.211206896551724199e+00 1.323450000000000015e+00
2.217672413793103203e+00 1.323830000000000062e+00
2.224137931034482651e+00 1.324149999999999938e+00
2.230603448275862100e+00 1.324210000000000109e+00
2.237068965517241548e+00 1.324319999999999942e+00
2.243534482758620552e+00 1.324510000000000076e+00
2.250000000000000000e+00 1.324610000000000065e+00
2.256465517241379448e+00 1.324889999999999901e+00
2.262931034482758452e+00 1.325029999999999930e+00
2.269396551724137900e+00 1.325150000000000050e+00
2.275862068965517349e+00 1.325560000000000072e+00
2.282327586206896353e+00 1.325839999999999907e+00
2.288793103448275801e+00 1.325849999999999973e+00
2.295258620689655249e+00 1.326249999999999929e+00
2.301724137931034253e+00 1.326230000000000020e+00
2.308189655172413701e+00 1.326330000000000009e+00
2.314655172413793149e+00 1.326750000000000096e+00
2.321120689655172598e+00 1.326759999999999939e+00
2.327586206896551602e+00 1.327059999999999906e+00
2.334051724137931050e+00 1.327399999999999913e+00
2.340517241379310498e+00 1.327590000000000048e+00
2.346982758620689502e+00 1.327599999999999891e+00
2.353448275862068950e+00 1.327550000000000008e+00
2.359913793103448398e+00 1.327990000000000004e+00
2.366379310344827402e+00 1.328349999999999920e+00
2.372844827586206851e+00 1.328330000000000011e+00
2.379310344827586299e+00 1.328650000000000109e+00
2.385775862068965303e+00 1.328959999999999919e+00
2.392241379310344751e+00 1.329069999999999974e+00
2.398706896551724199e+00 1.329280000000000017e+00
2.405172413793103203e+00 1.329239999999999977e+00
2.411637931034482651e+00 1.329299999999999926e+00
2.418103448275862100e+00 1.329609999999999959e+00
2.424568965517241548e+00 1.329809999999999937e+00
2.431034482758620552e+00 1.330109999999999904e+00
2.437500000000000000e+00 1.330209999999999892e+00
2.443965517241379448e+00 1.330470000000000041e+00
2.450431034482758452e+00 1.330750000000000099e+00
2.456896551724137900e+00 1.331020000000000092e+00
2.463362068965517349e+00 1.331159999999999899e+00
2.469827586206896353e+00 1.331369999999999942e+00
2.476293103448275801e+00 1.331590000000000051e+00
2.482758620689655249e+00 1.331690000000000040e+00
2.489224137931034253e+00 1.331800000000000095e+00
2.495689655172413701e+00 1.331979999999999942e+00
2.502155172413793149e+00 1.332200000000000051e+00
2.508620689655172598e+00 1.332160000000000011e+00
2.515086206896551602e+00 1.332410000000000094e+00
2.521551724137931050e+00 1.332529999999999992e+00
2.528017241379310498e+00 1.332850000000000090e+00
2.534482758620689502e+00 1.333150000000000057e+00
2.540948275862068950e+00 1.333099999999999952e+00
2.547413793103448398e+00 1.333450000000000024e+00
2.553879310344827402e+00 1.333429999999999893e+00
2.560344827586206851e+00 1.333530000000000104e+00
2.566810344827586299e+00 1.333869999999999889e+00
2.573275862068965303e+00 1.333930000000000060e+00
2.579741379310344751e+00 1.334279999999999911e+00
2.586206896551724199e+00 1.334510000000000085e+00
2.592672413793103203e+00 1.334559999999999969e+00
2.599137931034482651e+00 1.334920000000000107e+00
2.605603448275862100e+00 1.335229999999999917e+00
2.612068965517241548e+00 1.335439999999999960e+00
2.618534482758620552e+00 1.335569999999999924e+00
2.625000000000000000e+00 1.335739999999999927e+00
2.631465517241379448e+00 1.335960000000000036e+00
2.637931034482758452e+00 1.336149999999999949e+00
2.644396551724137900e+00 1.336249999999999938e+00
2.650862068965517349e+00 1.336540000000000061e+00
2.657327586206896353e+00 1.336500000000000021e+00
2.663793103448275801e+00 1.336519999999999930e+00
2.670258620689655249e+00 1.336780000000000079e+00
2.676724137931034253e+00 1.337120000000000086e+00
2.683189655172413701e+00 1.337169999999999970e+00
2.689655172413793149e+00 1.337509999999999977e+00
2.696120689655172598e+00 1.337480000000000002e+00
2.702586206896551602e+00 1.337730000000000086e+00
2.709051724137931050e+00 1.338070000000000093e+00
2.715517241379310498e+00 1.338000000000000078e+00
2.721982758620689502e+00 1.338349999999999929e+00
2.728448275862068950e+00 1.338389999999999969e+00
2.734913793103448398e+00 1.338680000000000092e+00
2.741379310344827402e+00 1.338969999999999994e+00
2.747844827586206851e+00 1.338959999999999928e+00
2.754310344827586299e+00 1.339360000000000106e+00
2.760775862068965303e+00 1.339539999999999953e+00
2.767241379310344751e+00 1.339779999999999971e+00
2.773706896551724199e+00 1.339909999999999934e+00
2.780172413793103203e+00 1.340149999999999952e+00
2.786637931034482651e+00 1.340130000000000043e+00
2.793103448275862100e+00 1.340319999999999956e+00
2.799568965517241548e+00 1.340640000000000054e+00
2.806034482758620552e+00 1.340659999999999963e+00
2.812500000000000000e+00 1.340929999999999955e+00
2.818965517241379448e+00 1.340989999999999904e+00
2.825431034482758452e+00 1.341099999999999959e+00
2.831896551724137900e+00 1.341399999999999926e+00
2.838362068965517349e+00 1.341769999999999907e+00
2.844827586206896353e+00 1.341949999999999976e+00
2.851293103448275801e+00 1.341970000000000107e+00
2.857758620689655249e+00 1.342330000000000023e+00
2.864224137931034253e+00 1.342510000000000092e+00
2.870689655172413701e+00 1.342489999999999961e+00
2.877155172413793149e+00 1.342859999999999943e+00
2.883620689655172153e+00 1.343129999999999935e+00
2.890086206896551602e+00 1.343099999999999961e+00
2.896551724137931050e+00 1.343469999999999942e+00
2.903017241379310498e+00 1.343660000000000077e+00
2.909482758620689502e+00 1.343879999999999963e+00
2.915948275862068950e+00 1.344130000000000047e+00
2.922413793103448398e+00 1.344309999999999894e+00
2.928879310344827402e+00 1.344230000000000036e+00
2.935344827586206851e+00 1.344319999999999959e+00
2.941810344827586299e+00 1.344659999999999966e+00
2.948275862068965303e+00 1.344850000000000101e+00
2.954741379310344751e+00 1.345099999999999962e+00
2.961206896551724199e+00 1.345339999999999980e+00
2.967672413793103203e+00 1.345590000000000064e+00
2.974137931034482651e+00 1.345769999999999911e+00
2.980603448275862100e+00 1.345769999999999911e+00
2.987068965517241548e+00 1.345909999999999940e+00
2.993534482758620552e+00 1.346200000000000063e+00
3.000000000000000000e+00 1.346419999999999950e+00
