0.000000000000000000e+00 1.000080000000000080e+00
1.863354037267080793e-02 1.192320000000000046e+00
3.726708074534161586e-02 1.244070000000000009e+00
5.590062111801242378e-02 1.258250000000000091e+00
7.453416149068323171e-02 1.262150000000000105e+00
9.316770186335404658e-02 1.263910000000000089e+00
1.118012422360248476e-01 1.264599999999999946e+00
1.304347826086956486e-01 1.265220000000000011e+00
1.490683229813664634e-01 1.265589999999999993e+00
1.677018633540372783e-01 1.266080000000000094e+00
1.863354037267080932e-01 1.266650000000000054e+00
2.049689440993788803e-01 1.267269999999999897e+00
2.236024844720496951e-01 1.267709999999999892e+00
2.422360248447205100e-01 1.268359999999999932e+00
2.608695652173912971e-01 1.268799999999999928e+00
2.795031055900621397e-01 1.269349999999999978e+00
2.981366459627329268e-01 1.269439999999999902e+00
3.167701863354037140e-01 1.270070000000000032e+00
3.354037267080745566e-01 1.270720000000000072e+00
3.540372670807453437e-01 1.271269999999999900e+00
3.726708074534161863e-01 1.271660000000000013e+00
3.913043478260869734e-01 1.272019999999999929e+00
4.099378881987577605e-01 1.272710000000000008e+00
4.285714285714286031e-01 1.273209999999999953e+00
4.472049689440993903e-01 1.273609999999999909e+00
4.658385093167701774e-01 1.274270000000000014e+00
4.844720496894410200e-01 1.274899999999999922e+00
5.031055900621118626e-01 1.275409999999999933e+00
5.217391304347825942e-01 1.276000000000000023e+00
5.403726708074534368e-01 1.276520000000000099e+00
5.590062111801242795e-01 1.276999999999999913e+00
5.776397515527950111e-01 1.277660000000000018e+00
5.962732919254658537e-01 1.277859999999999996e+00
6.149068322981366963e-01 1.278340000000000032e+00
6.335403726708074279e-01 1.278639999999999999e+00
6.521739130434782705e-01 1.279239999999999933e+00
6.708074534161491131e-01 1.280000000000000027e+00
6.894409937888198447e-01 1.280450000000000088e+00
7.080745341614906874e-01 1.281009999999999982e+00
7.267080745341615300e-01 1.281579999999999941e+00
7.453416149068323726e-01 1.282019999999999937e+00
7.639751552795031042e-01 1.282440000000000024e+00
7.826086956521739468e-01 1.282920000000000060e+00
8.012422360248447895e-01 1.283460000000000045e+00
8.198757763975155211e-01 1.283970000000000056e+00
8.385093167701863637e-01 1.284329999999999972e+00
8.571428571428572063e-01 1.284690000000000110e+00
8.757763975155279379e-01 1.285369999999999902e+00
8.944099378881987805e-01 1.285979999999999901e+00
9.130434782608696231e-01 1.286699999999999955e+00
9.316770186335403547e-01 1.287290000000000045e+00
9.503105590062111974e-01 1.287730000000000041e+00
9.689440993788820400e-01 1.288070000000000048e+00
9.875776397515527716e-01 1.288629999999999942e+00
1.006211180124223725e+00 1.289060000000000095e+00
1.024844720496894457e+00 1.289830000000000032e+00
1.043478260869565188e+00 1.290249999999999897e+00
1.062111801242236142e+00 1.290689999999999893e+00
1.080745341614906874e+00 1.291520000000000001e+00
1.099378881987577605e+00 1.291860000000000008e+00
1.118012422360248559e+00 1.292329999999999979e+00
1.136645962732919291e+00 1.292769999999999975e+00
1.155279503105590022e+00 1.293220000000000036e+00
1.173913043478260976e+00 1.293819999999999970e+00
1.192546583850931707e+00 1.294289999999999941e+00
1.211180124223602439e+00 1.294659999999999922e+00
1.229813664596273393e+00 1.295409999999999950e+00
1.248447204968944124e+00 1.295889999999999986e+00
1.267080745341614856e+00 1.296410000000000062e+00
1.285714285714285809e+00 1.296820000000000084e+00
1.304347826086956541e+00 1.297279999999999989e+00
1.322981366459627273e+00 1.297870000000000079e+00
1.341614906832298226e+00 1.298370000000000024e+00
1.360248447204968958e+00 1.299050000000000038e+00
1.378881987577639689e+00 1.299719999999999986e+00
1.397515527950310643e+00 1.300130000000000008e+00
1.416149068322981375e+00 1.300410000000000066e+00
1.434782608695652106e+00 1.301120000000000054e+00
1.453416149068323060e+00 1.301649999999999974e+00
1.472049689440993792e+00 1.302089999999999970e+00
1.490683229813664745e+00 1.302629999999999955e+00
1.509316770186335477e+00 1.303309999999999969e+00
1.527950310559006208e+00 1.303809999999999913e+00
1.546583850931677162e+00 1.304170000000000051e+00
1.565217391304347894e+00 1.304869999999999974e+00
1.583850931677018625e+00 1.305169999999999941e+00
1.602484472049689579e+00 1.305660000000000043e+00
1.621118012422360311e+00 1.306319999999999926e+00
1.639751552795031042e+00 1.306669999999999998e+00
1.658385093167701996e+00 1.307269999999999932e+00
1.677018633540372727e+00 1.307790000000000008e+00
1.695652173913043459e+00 1.308300000000000018e+00
1.714285714285714413e+00 1.308880000000000043e+00
1.732919254658385144e+00 1.309150000000000036e+00
1.751552795031055876e+00 1.309700000000000086e+00
1.770186335403726829e+00 1.310340000000000060e+00
1.788819875776397561e+00 1.311029999999999918e+00
1.807453416149068293e+00 1.311569999999999903e+00
1.826086956521739246e+00 1.311700000000000088e+00
1.844720496894409978e+00 1.312410000000000077e+00
1.863354037267080709e+00 1.313029999999999919e+00
1.881987577639751663e+00 1.313569999999999904e+00
1.900621118012422395e+00 1.314149999999999929e+00
1.919254658385093126e+00 1.314619999999999900e+00
1.937888198757764080e+00 1.315379999999999994e+00
1.956521739130434812e+00 1.315569999999999906e+00
1.975155279503105543e+00 1.316100000000000048e+00
1.993788819875776497e+00 1.316589999999999927e+00
2.012422360248447450e+00 1.317180000000000017e+00
2.031055900621117960e+00 1.317800000000000082e+00
2.049689440993788914e+00 1.318210000000000104e+00
2.068322981366459867e+00 1.318780000000000063e+00
2.086956521739130377e+00 1.319299999999999917e+00
2.105590062111801331e+00 1.319879999999999942e+00
2.124223602484472284e+00 1.320389999999999953e+00
2.142857142857142794e+00 1.321120000000000072e+00
2.161490683229813747e+00 1.321110000000000007e+00
2.180124223602484701e+00 1.321739999999999915e+00
2.198757763975155211e+00 1.322319999999999940e+00
2.217391304347826164e+00 1.322929999999999939e+00
2.236024844720497118e+00 1.323509999999999964e+00
2.254658385093167627e+00 1.324249999999999927e+00
2.273291925465838581e+00 1.324799999999999978e+00
2.291925465838509535e+00 1.325309999999999988e+00
2.310559006211180044e+00 1.325830000000000064e+00
2.329192546583850998e+00 1.326330000000000009e+00
2.347826086956521952e+00 1.326619999999999910e+00
2.366459627329192461e+00 1.327439999999999953e+00
2.385093167701863415e+00 1.327849999999999975e+00
2.403726708074534368e+00 1.328279999999999905e+00
2.422360248447204878e+00 1.328770000000000007e+00
2.440993788819875832e+00 1.329520000000000035e+00
2.459627329192546785e+00 1.329939999999999900e+00
2.478260869565217295e+00 1.330659999999999954e+00
2.496894409937888248e+00 1.330920000000000103e+00
2.515527950310559202e+00 1.331509999999999971e+00
2.534161490683229712e+00 1.331949999999999967e+00
2.552795031055900665e+00 1.332580000000000098e+00
2.571428571428571619e+00 1.333339999999999970e+00
2.590062111801242128e+00 1.333720000000000017e+00
2.608695652173913082e+00 1.334130000000000038e+00
2.627329192546584036e+00 1.334719999999999906e+00
2.645962732919254545e+00 1.335229999999999917e+00
2.664596273291925499e+00 1.335599999999999898e+00
2.683229813664596453e+00 1.336340000000000083e+00
2.701863354037266962e+00 1.336740000000000039e+00
2.720496894409937916e+00 1.337220000000000075e+00
2.739130434782608869e+00 1.337809999999999944e+00
2.757763975155279379e+00 1.338430000000000009e+00
2.776397515527950333e+00 1.338850000000000096e+00
2.795031055900621286e+00 1.339360000000000106e+00
2.813664596273291796e+00 1.340000000000000080e+00
2.832298136645962749e+00 1.340300000000000047e+00
2.850931677018633703e+00 1.341159999999999908e+00
2.869565217391304213e+00 1.341650000000000009e+00
2.888198757763975166e+00 1.342070000000000096e+00
2.906832298136646120e+00 1.342549999999999910e+00
2.925465838509316630e+00 1.342549999999999910e+00
2.944099378881987583e+00 1.343599999999999905e+00
2.962732919254658537e+00 1.344200000000000061e+00
2.981366459627329490e+00 1.344710000000000072e+00
3.000000000000000000e+00 1.345310000000000006e+00
