0.000000000000000000e+00 1.000350000000000072e+00
8.571428571428571508e-02 1.243190000000000017e+00
1.714285714285714302e-01 1.262950000000000017e+00
2.571428571428571175e-01 1.266769999999999952e+00
3.428571428571428603e-01 1.269030000000000102e+00
4.285714285714286031e-01 1.271390000000000020e+00
5.142857142857142350e-01 1.273590000000000000e+00
5.999999999999999778e-01 1.276310000000000056e+00
6.857142857142857206e-01 1.278540000000000010e+00
7.714285714285714635e-01 1.280620000000000092e+00
8.571428571428572063e-01 1.282950000000000035e+00
9.428571428571428381e-01 1.285169999999999924e+00
1.028571428571428470e+00 1.287730000000000041e+00
1.114285714285714324e+00 1.290270000000000028e+00
1.199999999999999956e+00 1.292529999999999957e+00
1.285714285714285809e+00 1.294950000000000045e+00
1.371428571428571441e+00 1.297220000000000040e+00
1.457142857142857073e+00 1.299619999999999997e+00
1.542857142857142927e+00 1.302009999999999890e+00
1.628571428571428559e+00 1.304280000000000106e+00
1.714285714285714413e+00 1.306820000000000093e+00
1.800000000000000044e+00 1.309379999999999988e+00
1.885714285714285676e+00 1.311520000000000019e+00
1.971428571428571530e+00 1.313830000000000053e+00
2.057142857142856940e+00 1.316340000000000066e+00
2.142857142857142794e+00 1.318789999999999907e+00
2.228571428571428648e+00 1.321190000000000087e+00
2.314285714285714501e+00 1.323730000000000073e+00
2.399999999999999911e+00 1.326040000000000108e+00
2.485714285714285765e+00 1.328119999999999967e+00
2.571428571428571619e+00 1.330869999999999997e+00
2.657142857142857029e+00 1.333309999999999995e+00
2.742857142857142883e+00 1.335700000000000109e+00
2.828571428571428736e+00 1.338019999999999987e+00
2.914285714285714146e+00 1.340580000000000105e+00
3.000000000000000000e+00 1.342729999999999979e+00
