0.000000000000000000e+00 1.000119999999999898e+00
2.999999999999999889e-01 1.256850000000000023e+00
5.999999999999999778e-01 1.270089999999999941e+00
8.999999999999999112e-01 1.278329999999999966e+00
1.199999999999999956e+00 1.286510000000000042e+00
1.500000000000000000e+00 1.294669999999999987e+00
1.799999999999999822e+00 1.302839999999999998e+00
2.100000000000000089e+00 1.311190000000000078e+00
2.399999999999999911e+00 1.319520000000000026e+00
2.699999999999999734e+00 1.327890000000000015e+00
3.000000000000000000e+00 1.336289999999999978e+00
