0.000000000000000000e+00 1.000170000000000000e+08
3.157894736842105365e-02 1.262720000000000000e+08
6.315789473684210731e-02 1.263540000000000000e+08
9.473684210526316096e-02 1.264400000000000000e+08
1.263157894736842146e-01 1.265270000000000000e+08
1.578947368421052544e-01 1.265960000000000000e+08
1.894736842105262942e-01 1.266960000000000000e+08
2.210526315789473339e-01 1.267740000000000000e+08
2.526315789473683737e-01 1.268550000000000000e+08
2.842105263157894135e-01 1.269510000000000000e+08
3.157894736842104533e-01 1.270430000000000000e+08
3.473684210526314931e-01 1.271060000000000000e+08
3.789473684210525328e-01 1.272130000000000000e+08
4.105263157894735726e-01 1.273100000000000000e+08
4.421052631578946124e-01 1.273780000000000000e+08
4.736842105263156522e-01 1.274680000000000000e+08
5.052631578947367474e-01 1.275450000000000000e+08
5.368421052631577872e-01 1.276250000000000000e+08
5.684210526315788270e-01 1.277360000000000000e+08
5.999999999999998668e-01 1.278010000000000000e+08
6.315789473684209065e-01 1.278960000000000000e+08
6.631578947368419463e-01 1.279850000000000000e+08
6.947368421052629861e-01 1.280660000000000000e+08
7.263157894736840259e-01 1.281730000000000000e+08
7.578947368421050657e-01 1.282540000000000000e+08
7.894736842105261054e-01 1.283480000000000000e+08
8.210526315789471452e-01 1.284180000000000000e+08
8.526315789473681850e-01 1.285180000000000000e+08
8.842105263157892248e-01 1.285980000000000000e+08
9.157894736842102645e-01 1.286830000000000000e+08
9.473684210526313043e-01 1.287780000000000000e+08
9.789473684210523441e-01 1.288450000000000000e+08
1.010526315789473495e+00 1.289460000000000000e+08
1.042105263157894646e+00 1.290240000000000000e+08
1.073684210526315796e+00 1.291270000000000000e+08
1.105263157894736947e+00 1.291920000000000000e+08
1.136842105263158098e+00 1.292960000000000000e+08
1.168421052631579249e+00 1.293560000000000000e+08
1.200000000000000400e+00 1.294630000000000000e+08
1.231578947368421550e+00 1.295260000000000000e+08
1.263157894736842701e+00 1.296510000000000000e+08
1.294736842105263852e+00 1.297290000000000000e+08
1.326315789473685003e+00 1.298080000000000000e+08
1.357894736842106154e+00 1.299060000000000000e+08
1.389473684210527304e+00 1.300030000000000000e+08
1.421052631578948455e+00 1.300510000000000000e+08
1.452631578947369606e+00 1.301950000000000000e+08
1.484210526315790757e+00 1.302630000000000000e+08
1.515789473684211908e+00 1.303390000000000000e+08
1.547368421052633058e+00 1.303950000000000000e+08
1.578947368421054209e+00 1.305190000000000000e+08
1.610526315789475360e+00 1.306180000000000000e+08
1.642105263157896511e+00 1.306920000000000000e+08
1.673684210526317662e+00 1.307900000000000000e+08
1.705263157894738812e+00 1.308590000000000000e+08
1.736842105263159963e+00 1.309470000000000000e+08
1.768421052631581114e+00 1.310290000000000000e+08
1.800000000000002265e+00 1.311350000000000000e+08
1.831578947368423416e+00 1.312550000000000000e+08
1.863157894736844566e+00 1.313010000000000000e+08
1.894736842105265717e+00 1.314070000000000000e+08
1.926315789473686868e+00 1.314940000000000000e+08
1.957894736842108019e+00 1.315610000000000000e+08
1.989473684210529170e+00 1.316550000000000000e+08
2.021052631578950098e+00 1.317710000000000000e+08
2.052631578947371249e+00 1.318420000000000000e+08
2.084210526315792400e+00 1.319600000000000000e+08
2.115789473684213551e+00 1.319950000000000000e+08
2.147368421052634702e+00 1.321180000000000000e+08
2.178947368421055852e+00 1.321950000000000000e+08
2.210526315789477003e+00 1.323100000000000000e+08
2.242105263157898154e+00 1.323830000000000000e+08
2.273684210526319305e+00 1.324690000000000000e+08
2.305263157894740456e+00 1.325680000000000000e+08
2.336842105263161606e+00 1.326490000000000000e+08
2.368421052631582757e+00 1.327290000000000000e+08
2.400000000000003908e+00 1.328300000000000000e+08
2.431578947368425059e+00 1.329340000000000000e+08
2.463157894736846210e+00 1.330140000000000000e+08
2.494736842105267360e+00 1.331170000000000000e+08
2.526315789473688511e+00 1.331920000000000000e+08
2.557894736842109662e+00 1.332930000000000000e+08
2.589473684210530813e+00 1.333750000000000000e+08
2.621052631578951964e+00 1.334700000000000000e+08
2.652631578947373114e+00 1.335520000000000000e+08
2.684210526315794265e+00 1.336320000000000000e+08
2.715789473684215416e+00 1.337370000000000000e+08
2.747368421052636567e+00 1.337980000000000000e+08
2.778947368421057718e+00 1.339280000000000000e+08
2.810526315789478868e+00 1.339780000000000000e+08
2.842105263157900019e+00 1.341150000000000000e+08
2.873684210526321170e+00 1.341770000000000000e+08
2.905263157894742321e+00 1.342540000000000000e+08
2.936842105263163472e+00 1.343750000000000000e+08
2.968421052631584622e+00 1.344640000000000000e+08
3.000000000000005773e+00 1.345410000000000000e+08
