0.000000000000000000e+00 1.000170000000000000e+08
8.450704225352111826e-03 1.262590000000000000e+08
1.690140845070422365e-02 1.262840000000000000e+08
2.535211267605633548e-02 1.263250000000000000e+08
3.380281690140844730e-02 1.263340000000000000e+08
4.225352112676056260e-02 1.263500000000000000e+08
5.070422535211267789e-02 1.263470000000000000e+08
5.915492957746479319e-02 1.264240000000000000e+08
6.760563380281690848e-02 1.264230000000000000e+08
7.605633802816902378e-02 1.264540000000000000e+08
8.450704225352113907e-02 1.264730000000000000e+08
9.295774647887325437e-02 1.265130000000000000e+08
1.014084507042253697e-01 1.265550000000000000e+08
1.098591549295774850e-01 1.265490000000000000e+08
1.183098591549296003e-01 1.265860000000000000e+08
1.267605633802817156e-01 1.265790000000000000e+08
1.352112676056338170e-01 1.265970000000000000e+08
1.436619718309859184e-01 1.266310000000000000e+08
1.521126760563380198e-01 1.266650000000000000e+08
1.605633802816901212e-01 1.267040000000000000e+08
1.690140845070422226e-01 1.267060000000000000e+08
1.774647887323943241e-01 1.267280000000000000e+08
1.859154929577464255e-01 1.267100000000000000e+08
1.943661971830985269e-01 1.267610000000000000e+08
2.028169014084506283e-01 1.267960000000000000e+08
2.112676056338027297e-01 1.268190000000000000e+08
2.197183098591548311e-01 1.268060000000000000e+08
2.281690140845069326e-01 1.268580000000000000e+08
2.366197183098590340e-01 1.268800000000000000e+08
2.450704225352111354e-01 1.268820000000000000e+08
2.535211267605632646e-01 1.269340000000000000e+08
2.619718309859153660e-01 1.269600000000000000e+08
2.704225352112674674e-01 1.269690000000000000e+08
2.788732394366195688e-01 1.269930000000000000e+08
2.873239436619716702e-01 1.270200000000000000e+08
2.957746478873237717e-01 1.270140000000000000e+08
3.042253521126758731e-01 1.270860000000000000e+08
3.126760563380279745e-01 1.270610000000000000e+08
3.211267605633800759e-01 1.271190000000000000e+08
3.295774647887321773e-01 1.271300000000000000e+08
3.380281690140842787e-01 1.271590000000000000e+08
3.464788732394363802e-01 1.271880000000000000e+08
3.549295774647884816e-01 1.271910000000000000e+08
3.633802816901405830e-01 1.272350000000000000e+08
3.718309859154926844e-01 1.272630000000000000e+08
3.802816901408447858e-01 1.272850000000000000e+08
3.887323943661968872e-01 1.272950000000000000e+08
3.971830985915489887e-01 1.273360000000000000e+08
4.056338028169010901e-01 1.273350000000000000e+08
4.140845070422531915e-01 1.273930000000000000e+08
4.225352112676052929e-01 1.273920000000000000e+08
4.309859154929573943e-01 1.274050000000000000e+08
4.394366197183094958e-01 1.274330000000000000e+08
4.478873239436615972e-01 1.274720000000000000e+08
4.563380281690136986e-01 1.274940000000000000e+08
4.647887323943658000e-01 1.275290000000000000e+08
4.732394366197179014e-01 1.274870000000000000e+08
4.816901408450700028e-01 1.275450000000000000e+08
4.901408450704221043e-01 1.275770000000000000e+08
4.985915492957742057e-01 1.276030000000000000e+08
5.070422535211263071e-01 1.276090000000000000e+08
5.154929577464784085e-01 1.276510000000000000e+08
5.239436619718305099e-01 1.276540000000000000e+08
5.323943661971826113e-01 1.277050000000000000e+08
5.408450704225347128e-01 1.277150000000000000e+08
5.492957746478868142e-01 1.277400000000000000e+08
5.577464788732389156e-01 1.277490000000000000e+08
5.661971830985910170e-01 1.277560000000000000e+08
5.746478873239431184e-01 1.277820000000000000e+08
5.830985915492952198e-01 1.278250000000000000e+08
5.915492957746473213e-01 1.278460000000000000e+08
5.999999999999994227e-01 1.278780000000000000e+08
6.084507042253515241e-01 1.278970000000000000e+08
6.169014084507036255e-01 1.279270000000000000e+08
6.253521126760557269e-01 1.279210000000000000e+08
6.338028169014078284e-01 1.279540000000000000e+08
6.422535211267599298e-01 1.279750000000000000e+08
6.507042253521120312e-01 1.280040000000000000e+08
6.591549295774641326e-01 1.280280000000000000e+08
6.676056338028162340e-01 1.280630000000000000e+08
6.760563380281683354e-01 1.280930000000000000e+08
6.845070422535204369e-01 1.280800000000000000e+08
6.929577464788725383e-01 1.281280000000000000e+08
7.014084507042246397e-01 1.281550000000000000e+08
7.098591549295767411e-01 1.281670000000000000e+08
7.183098591549288425e-01 1.281750000000000000e+08
7.267605633802809439e-01 1.282200000000000000e+08
7.352112676056330454e-01 1.282580000000000000e+08
7.436619718309851468e-01 1.282930000000000000e+08
7.521126760563372482e-01 1.283010000000000000e+08
7.605633802816893496e-01 1.282910000000000000e+08
7.690140845070414510e-01 1.283120000000000000e+08
7.774647887323935525e-01 1.283640000000000000e+08
7.859154929577456539e-01 1.283890000000000000e+08
7.943661971830977553e-01 1.284130000000000000e+08
8.028169014084498567e-01 1.284400000000000000e+08
8.112676056338019581e-01 1.284530000000000000e+08
8.197183098591540595e-01 1.284710000000000000e+08
8.281690140845061610e-01 1.285000000000000000e+08
8.366197183098582624e-01 1.285510000000000000e+08
8.450704225352103638e-01 1.285360000000000000e+08
8.535211267605624652e-01 1.285370000000000000e+08
8.619718309859145666e-01 1.285700000000000000e+08
8.704225352112666680e-01 1.286210000000000000e+08
8.788732394366187695e-01 1.286370000000000000e+08
8.873239436619708709e-01 1.286720000000000000e+08
8.957746478873229723e-01 1.286960000000000000e+08
9.042253521126750737e-01 1.287050000000000000e+08
9.126760563380271751e-01 1.287350000000000000e+08
9.211267605633792765e-01 1.287600000000000000e+08
9.295774647887313780e-01 1.287820000000000000e+08
9.380281690140834794e-01 1.287920000000000000e+08
9.464788732394355808e-01 1.288410000000000000e+08
9.549295774647876822e-01 1.288480000000000000e+08
9.633802816901397836e-01 1.288500000000000000e+08
9.718309859154918851e-01 1.289130000000000000e+08
9.802816901408439865e-01 1.289350000000000000e+08
9.887323943661960879e-01 1.289550000000000000e+08
9.971830985915481893e-01 1.289630000000000000e+08
1.005633802816900291e+00 1.290050000000000000e+08
1.014084507042252392e+00 1.290180000000000000e+08
1.022535211267604494e+00 1.290410000000000000e+08
1.030985915492956595e+00 1.290520000000000000e+08
1.039436619718308696e+00 1.290570000000000000e+08
1.047887323943660798e+00 1.290780000000000000e+08
1.056338028169012899e+00 1.291340000000000000e+08
1.064788732394365001e+00 1.291650000000000000e+08
1.073239436619717102e+00 1.291740000000000000e+08
1.081690140845069203e+00 1.291930000000000000e+08
1.090140845070421305e+00 1.292300000000000000e+08
1.098591549295773406e+00 1.292690000000000000e+08
1.107042253521125508e+00 1.292710000000000000e+08
1.115492957746477609e+00 1.292860000000000000e+08
1.123943661971829711e+00 1.293240000000000000e+08
1.132394366197181812e+00 1.293480000000000000e+08
1.140845070422533913e+00 1.293680000000000000e+08
1.149295774647886015e+00 1.293810000000000000e+08
1.157746478873238116e+00 1.294290000000000000e+08
1.166197183098590218e+00 1.294320000000000000e+08
1.174647887323942319e+00 1.294520000000000000e+08
1.183098591549294420e+00 1.294870000000000000e+08
1.191549295774646522e+00 1.295030000000000000e+08
1.199999999999998623e+00 1.295330000000000000e+08
1.208450704225350725e+00 1.295530000000000000e+08
1.216901408450702826e+00 1.295700000000000000e+08
1.225352112676054928e+00 1.295880000000000000e+08
1.233802816901407029e+00 1.296350000000000000e+08
1.242253521126759130e+00 1.296620000000000000e+08
1.250704225352111232e+00 1.296850000000000000e+08
1.259154929577463333e+00 1.296880000000000000e+08
1.267605633802815435e+00 1.297080000000000000e+08
1.276056338028167536e+00 1.297400000000000000e+08
1.284507042253519637e+00 1.297700000000000000e+08
1.292957746478871739e+00 1.297970000000000000e+08
1.301408450704223840e+00 1.298190000000000000e+08
1.309859154929575942e+00 1.298650000000000000e+08
1.318309859154928043e+00 1.298490000000000000e+08
1.326760563380280145e+00 1.298790000000000000e+08
1.335211267605632246e+00 1.299080000000000000e+08
1.343661971830984347e+00 1.299150000000000000e+08
1.352112676056336449e+00 1.299770000000000000e+08
1.360563380281688550e+00 1.300000000000000000e+08
1.369014084507040652e+00 1.299900000000000000e+08
1.377464788732392753e+00 1.300170000000000000e+08
1.385915492957744855e+00 1.300560000000000000e+08
1.394366197183096956e+00 1.300780000000000000e+08
1.402816901408449057e+00 1.301010000000000000e+08
1.411267605633801159e+00 1.301220000000000000e+08
1.419718309859153260e+00 1.301670000000000000e+08
1.428169014084505362e+00 1.301860000000000000e+08
1.436619718309857463e+00 1.301790000000000000e+08
1.445070422535209564e+00 1.302150000000000000e+08
1.453521126760561666e+00 1.302080000000000000e+08
1.461971830985913767e+00 1.302600000000000000e+08
1.470422535211265869e+00 1.302750000000000000e+08
1.478873239436617970e+00 1.303230000000000000e+08
1.487323943661970072e+00 1.302960000000000000e+08
1.495774647887322173e+00 1.303690000000000000e+08
1.504225352112674274e+00 1.303900000000000000e+08
1.512676056338026376e+00 1.303890000000000000e+08
1.521126760563378477e+00 1.303900000000000000e+08
1.529577464788730579e+00 1.304590000000000000e+08
1.538028169014082680e+00 1.304450000000000000e+08
1.546478873239434781e+00 1.304940000000000000e+08
1.554929577464786883e+00 1.305140000000000000e+08
1.563380281690138984e+00 1.305530000000000000e+08
1.571830985915491086e+00 1.305700000000000000e+08
1.580281690140843187e+00 1.305800000000000000e+08
1.588732394366195289e+00 1.306140000000000000e+08
1.597183098591547390e+00 1.306370000000000000e+08
1.605633802816899491e+00 1.306520000000000000e+08
1.614084507042251593e+00 1.306530000000000000e+08
1.622535211267603694e+00 1.307070000000000000e+08
1.630985915492955796e+00 1.307540000000000000e+08
1.639436619718307897e+00 1.307680000000000000e+08
1.647887323943659998e+00 1.307820000000000000e+08
1.656338028169012100e+00 1.308240000000000000e+08
1.664788732394364201e+00 1.308200000000000000e+08
1.673239436619716303e+00 1.308690000000000000e+08
1.681690140845068404e+00 1.309010000000000000e+08
1.690140845070420506e+00 1.308950000000000000e+08
1.698591549295772607e+00 1.309190000000000000e+08
1.707042253521124708e+00 1.309340000000000000e+08
1.715492957746476810e+00 1.309630000000000000e+08
1.723943661971828911e+00 1.309870000000000000e+08
1.732394366197181013e+00 1.310000000000000000e+08
1.740845070422533114e+00 1.310410000000000000e+08
1.749295774647885215e+00 1.310600000000000000e+08
1.757746478873237317e+00 1.310820000000000000e+08
1.766197183098589418e+00 1.311100000000000000e+08
1.774647887323941520e+00 1.311340000000000000e+08
1.783098591549293621e+00 1.311570000000000000e+08
1.791549295774645723e+00 1.311890000000000000e+08
1.799999999999997824e+00 1.312050000000000000e+08
1.808450704225349925e+00 1.312430000000000000e+08
1.816901408450702027e+00 1.312630000000000000e+08
1.825352112676054128e+00 1.312850000000000000e+08
1.833802816901406230e+00 1.313070000000000000e+08
1.842253521126758331e+00 1.313210000000000000e+08
1.850704225352110432e+00 1.313280000000000000e+08
1.859154929577462534e+00 1.313730000000000000e+08
1.867605633802814635e+00 1.314080000000000000e+08
1.876056338028166737e+00 1.314220000000000000e+08
1.884507042253518838e+00 1.314590000000000000e+08
1.892957746478870940e+00 1.314920000000000000e+08
1.901408450704223041e+00 1.314970000000000000e+08
1.909859154929575142e+00 1.315120000000000000e+08
1.918309859154927244e+00 1.315150000000000000e+08
1.926760563380279345e+00 1.315620000000000000e+08
1.935211267605631447e+00 1.315910000000000000e+08
1.943661971830983548e+00 1.316040000000000000e+08
1.952112676056335649e+00 1.316460000000000000e+08
1.960563380281687751e+00 1.316490000000000000e+08
1.969014084507039852e+00 1.316720000000000000e+08
1.977464788732391954e+00 1.316900000000000000e+08
1.985915492957744055e+00 1.317530000000000000e+08
1.994366197183096157e+00 1.317720000000000000e+08
2.002816901408448480e+00 1.317480000000000000e+08
2.011267605633800581e+00 1.318160000000000000e+08
2.019718309859152683e+00 1.318310000000000000e+08
2.028169014084504784e+00 1.318360000000000000e+08
2.036619718309856886e+00 1.318760000000000000e+08
2.045070422535208987e+00 1.319070000000000000e+08
2.053521126760561089e+00 1.319190000000000000e+08
2.061971830985913190e+00 1.319560000000000000e+08
2.070422535211265291e+00 1.319520000000000000e+08
2.078873239436617393e+00 1.319920000000000000e+08
2.087323943661969494e+00 1.320160000000000000e+08
2.095774647887321596e+00 1.320510000000000000e+08
2.104225352112673697e+00 1.320640000000000000e+08
2.112676056338025798e+00 1.320940000000000000e+08
2.121126760563377900e+00 1.321130000000000000e+08
2.129577464788730001e+00 1.321190000000000000e+08
2.138028169014082103e+00 1.321740000000000000e+08
2.146478873239434204e+00 1.321880000000000000e+08
2.154929577464786306e+00 1.322090000000000000e+08
2.163380281690138407e+00 1.322330000000000000e+08
2.171830985915490508e+00 1.322640000000000000e+08
2.180281690140842610e+00 1.322790000000000000e+08
2.188732394366194711e+00 1.322660000000000000e+08
2.197183098591546813e+00 1.323450000000000000e+08
2.205633802816898914e+00 1.323550000000000000e+08
2.214084507042251015e+00 1.323840000000000000e+08
2.222535211267603117e+00 1.323740000000000000e+08
2.230985915492955218e+00 1.324250000000000000e+08
2.239436619718307320e+00 1.324470000000000000e+08
2.247887323943659421e+00 1.324750000000000000e+08
2.256338028169011523e+00 1.324920000000000000e+08
2.264788732394363624e+00 1.325100000000000000e+08
2.273239436619715725e+00 1.325070000000000000e+08
2.281690140845067827e+00 1.325400000000000000e+08
2.290140845070419928e+00 1.326040000000000000e+08
2.298591549295772030e+00 1.326160000000000000e+08
2.307042253521124131e+00 1.326370000000000000e+08
2.315492957746476232e+00 1.326640000000000000e+08
2.323943661971828334e+00 1.327120000000000000e+08
2.332394366197180435e+00 1.327190000000000000e+08
2.340845070422532537e+00 1.327270000000000000e+08
2.349295774647884638e+00 1.327590000000000000e+08
2.357746478873236740e+00 1.327580000000000000e+08
2.366197183098588841e+00 1.328120000000000000e+08
2.374647887323940942e+00 1.328480000000000000e+08
2.383098591549293044e+00 1.328740000000000000e+08
2.391549295774645145e+00 1.328710000000000000e+08
2.399999999999997247e+00 1.329130000000000000e+08
2.408450704225349348e+00 1.329240000000000000e+08
2.416901408450701449e+00 1.329160000000000000e+08
2.425352112676053551e+00 1.329900000000000000e+08
2.433802816901405652e+00 1.330170000000000000e+08
2.442253521126757754e+00 1.330310000000000000e+08
2.450704225352109855e+00 1.330410000000000000e+08
2.459154929577461957e+00 1.330760000000000000e+08
2.467605633802814058e+00 1.330890000000000000e+08
2.476056338028166159e+00 1.330970000000000000e+08
2.484507042253518261e+00 1.331520000000000000e+08
2.492957746478870362e+00 1.331800000000000000e+08
2.501408450704222464e+00 1.332000000000000000e+08
2.509859154929574565e+00 1.332210000000000000e+08
2.518309859154926666e+00 1.332380000000000000e+08
2.526760563380278768e+00 1.332680000000000000e+08
2.535211267605630869e+00 1.332960000000000000e+08
2.543661971830982971e+00 1.333330000000000000e+08
2.552112676056335072e+00 1.333480000000000000e+08
2.560563380281687174e+00 1.333820000000000000e+08
2.569014084507039275e+00 1.333480000000000000e+08
2.577464788732391376e+00 1.333820000000000000e+08
2.585915492957743478e+00 1.334470000000000000e+08
2.594366197183095579e+00 1.334290000000000000e+08
2.602816901408447681e+00 1.334520000000000000e+08
2.611267605633799782e+00 1.335080000000000000e+08
2.619718309859151884e+00 1.335850000000000000e+08
2.628169014084503985e+00 1.335600000000000000e+08
2.636619718309856086e+00 1.335520000000000000e+08
2.645070422535208188e+00 1.336080000000000000e+08
2.653521126760560289e+00 1.336160000000000000e+08
2.661971830985912391e+00 1.336090000000000000e+08
2.670422535211264492e+00 1.336780000000000000e+08
2.678873239436616593e+00 1.337000000000000000e+08
2.687323943661968695e+00 1.337250000000000000e+08
2.695774647887320796e+00 1.337560000000000000e+08
2.704225352112672898e+00 1.338000000000000000e+08
2.712676056338024999e+00 1.338190000000000000e+08
2.721126760563377101e+00 1.338380000000000000e+08
2.729577464788729202e+00 1.338560000000000000e+08
2.738028169014081303e+00 1.338610000000000000e+08
2.746478873239433405e+00 1.338910000000000000e+08
2.754929577464785506e+00 1.339660000000000000e+08
2.763380281690137608e+00 1.339160000000000000e+08
2.771830985915489709e+00 1.339600000000000000e+08
2.780281690140841810e+00 1.339990000000000000e+08
2.788732394366193912e+00 1.340160000000000000e+08
2.797183098591546013e+00 1.340100000000000000e+08
2.805633802816898115e+00 1.340770000000000000e+08
2.814084507042250216e+00 1.340710000000000000e+08
2.822535211267602318e+00 1.340890000000000000e+08
2.830985915492954419e+00 1.341330000000000000e+08
2.839436619718306520e+00 1.341580000000000000e+08
2.847887323943658622e+00 1.341770000000000000e+08
2.856338028169010723e+00 1.342220000000000000e+08
2.864788732394362825e+00 1.342070000000000000e+08
2.873239436619714926e+00 1.342780000000000000e+08
2.881690140845067027e+00 1.342920000000000000e+08
2.890140845070419129e+00 1.342840000000000000e+08
2.898591549295771230e+00 1.343060000000000000e+08
2.907042253521123332e+00 1.343590000000000000e+08
2.915492957746475433e+00 1.343790000000000000e+08
2.923943661971827535e+00 1.344030000000000000e+08
2.932394366197179636e+00 1.344360000000000000e+08
2.940845070422531737e+00 1.344520000000000000e+08
2.949295774647883839e+00 1.344660000000000000e+08
2.957746478873235940e+00 1.344990000000000000e+08
2.966197183098588042e+00 1.345360000000000000e+08
2.974647887323940143e+00 1.345430000000000000e+08
2.983098591549292244e+00 1.345980000000000000e+08
2.991549295774644346e+00 1.346070000000000000e+08
2.999999999999996447e+00 1.346400000000000000e+08
