0.000000000000000000e+00 1.000170000000000000e+08
8.108108108108108558e-02 1.262580000000000000e+08
1.621621621621621712e-01 1.265020000000000000e+08
2.432432432432432567e-01 1.267140000000000000e+08
3.243243243243243423e-01 1.269150000000000000e+08
4.054054054054054279e-01 1.271460000000000000e+08
4.864864864864865135e-01 1.273870000000000000e+08
5.675675675675675436e-01 1.275850000000000000e+08
6.486486486486486847e-01 1.277960000000000000e+08
7.297297297297298257e-01 1.280200000000000000e+08
8.108108108108109668e-01 1.282440000000000000e+08
8.918918918918921079e-01 1.284950000000000000e+08
9.729729729729732490e-01 1.286850000000000000e+08
1.054054054054054390e+00 1.288820000000000000e+08
1.135135135135135531e+00 1.291420000000000000e+08
1.216216216216216672e+00 1.293680000000000000e+08
1.297297297297297813e+00 1.295880000000000000e+08
1.378378378378378954e+00 1.297800000000000000e+08
1.459459459459460096e+00 1.300350000000000000e+08
1.540540540540541237e+00 1.302480000000000000e+08
1.621621621621622378e+00 1.304670000000000000e+08
1.702702702702703519e+00 1.307420000000000000e+08
1.783783783783784660e+00 1.309110000000000000e+08
1.864864864864865801e+00 1.311710000000000000e+08
1.945945945945946942e+00 1.313950000000000000e+08
2.027027027027028083e+00 1.316250000000000000e+08
2.108108108108109224e+00 1.318530000000000000e+08
2.189189189189190365e+00 1.320760000000000000e+08
2.270270270270271507e+00 1.323110000000000000e+08
2.351351351351352648e+00 1.325390000000000000e+08
2.432432432432433789e+00 1.327820000000000000e+08
2.513513513513514930e+00 1.329670000000000000e+08
2.594594594594596071e+00 1.332410000000000000e+08
2.675675675675677212e+00 1.334830000000000000e+08
2.756756756756758353e+00 1.336870000000000000e+08
2.837837837837839494e+00 1.339270000000000000e+08
2.918918918918920635e+00 1.341710000000000000e+08
3.000000000000001776e+00 1.344040000000000000e+08
