0.000000000000000000e+00 1.000170000000000000e+08
1.000000000000000056e-01 1.262680000000000000e+08
2.000000000000000111e-01 1.265050000000000000e+08
3.000000000000000444e-01 1.268030000000000000e+08
4.000000000000000222e-01 1.270750000000000000e+08
5.000000000000000000e-01 1.273480000000000000e+08
5.999999999999999778e-01 1.276290000000000000e+08
6.999999999999999556e-01 1.278900000000000000e+08
7.999999999999999334e-01 1.281870000000000000e+08
8.999999999999999112e-01 1.284550000000000000e+08
9.999999999999998890e-01 1.287200000000000000e+08
1.099999999999999867e+00 1.289880000000000000e+08
1.199999999999999956e+00 1.292320000000000000e+08
1.300000000000000044e+00 1.295310000000000000e+08
1.400000000000000133e+00 1.298160000000000000e+08
1.500000000000000222e+00 1.300620000000000000e+08
1.600000000000000311e+00 1.303780000000000000e+08
1.700000000000000400e+00 1.306590000000000000e+08
1.800000000000000488e+00 1.309320000000000000e+08
1.900000000000000577e+00 1.312170000000000000e+08
2.000000000000000444e+00 1.314520000000000000e+08
2.100000000000000533e+00 1.317940000000000000e+08
2.200000000000000622e+00 1.320290000000000000e+08
2.300000000000000711e+00 1.323310000000000000e+08
2.400000000000000799e+00 1.326140000000000000e+08
2.500000000000000888e+00 1.328920000000000000e+08
2.600000000000000977e+00 1.331880000000000000e+08
2.700000000000001066e+00 1.335170000000000000e+08
2.800000000000001155e+00 1.337570000000000000e+08
2.900000000000001243e+00 1.340000000000000000e+08
3.000000000000001332e+00 1.343270000000000000e+08
