0.000000000000000000e+00 1.000170000000000000e+08
5.802707930367505089e-03 1.262250000000000000e+08
1.160541586073501018e-02 1.262890000000000000e+08
1.740812379110251440e-02 1.262880000000000000e+08
2.321083172147002036e-02 1.263000000000000000e+08
2.901353965183752631e-02 1.263150000000000000e+08
3.481624758220502880e-02 1.263390000000000000e+08
4.061895551257253129e-02 1.263500000000000000e+08
4.642166344294003377e-02 1.263840000000000000e+08
5.222437137330753626e-02 1.263600000000000000e+08
5.802707930367503875e-02 1.263990000000000000e+08
6.382978723404254817e-02 1.264350000000000000e+08
6.963249516441005760e-02 1.264470000000000000e+08
7.543520309477756702e-02 1.264600000000000000e+08
8.123791102514507645e-02 1.264750000000000000e+08
8.704061895551258587e-02 1.265010000000000000e+08
9.284332688588009530e-02 1.264850000000000000e+08
9.864603481624760473e-02 1.265220000000000000e+08
1.044487427466151142e-01 1.265560000000000000e+08
1.102514506769826236e-01 1.265370000000000000e+08
1.160541586073501330e-01 1.265310000000000000e+08
1.218568665377176424e-01 1.265710000000000000e+08
1.276595744680851519e-01 1.266060000000000000e+08
1.334622823984526474e-01 1.266030000000000000e+08
1.392649903288201430e-01 1.266140000000000000e+08
1.450676982591876385e-01 1.266490000000000000e+08
1.508704061895551340e-01 1.266480000000000000e+08
1.566731141199226296e-01 1.266600000000000000e+08
1.624758220502901251e-01 1.266890000000000000e+08
1.682785299806576207e-01 1.267150000000000000e+08
1.740812379110251162e-01 1.267270000000000000e+08
1.798839458413926118e-01 1.266950000000000000e+08
1.856866537717601073e-01 1.267170000000000000e+08
1.914893617021276029e-01 1.267580000000000000e+08
1.972920696324950984e-01 1.267860000000000000e+08
2.030947775628625940e-01 1.267650000000000000e+08
2.088974854932300895e-01 1.268000000000000000e+08
2.147001934235975851e-01 1.268070000000000000e+08
2.205029013539650806e-01 1.268610000000000000e+08
2.263056092843325762e-01 1.268490000000000000e+08
2.321083172147000717e-01 1.268640000000000000e+08
2.379110251450675673e-01 1.268910000000000000e+08
2.437137330754350628e-01 1.269460000000000000e+08
2.495164410058025584e-01 1.269260000000000000e+08
2.553191489361700817e-01 1.269150000000000000e+08
2.611218568665376050e-01 1.269720000000000000e+08
2.669245647969051283e-01 1.269710000000000000e+08
2.727272727272726516e-01 1.269760000000000000e+08
2.785299806576401749e-01 1.270000000000000000e+08
2.843326885880076982e-01 1.270190000000000000e+08
2.901353965183752215e-01 1.270370000000000000e+08
2.959381044487427448e-01 1.270610000000000000e+08
3.017408123791102681e-01 1.270720000000000000e+08
3.075435203094777914e-01 1.270760000000000000e+08
3.133462282398453147e-01 1.270710000000000000e+08
3.191489361702128380e-01 1.271110000000000000e+08
3.249516441005803613e-01 1.271180000000000000e+08
3.307543520309478846e-01 1.271430000000000000e+08
3.365570599613154079e-01 1.271610000000000000e+08
3.423597678916829312e-01 1.271780000000000000e+08
3.481624758220504545e-01 1.271920000000000000e+08
3.539651837524179778e-01 1.271850000000000000e+08
3.597678916827855011e-01 1.272190000000000000e+08
3.655705996131530244e-01 1.272340000000000000e+08
3.713733075435205477e-01 1.272470000000000000e+08
3.771760154738880710e-01 1.272660000000000000e+08
3.829787234042555943e-01 1.272850000000000000e+08
3.887814313346231176e-01 1.273020000000000000e+08
3.945841392649906409e-01 1.273170000000000000e+08
4.003868471953581643e-01 1.273490000000000000e+08
4.061895551257256876e-01 1.273770000000000000e+08
4.119922630560932109e-01 1.273790000000000000e+08
4.177949709864607342e-01 1.274030000000000000e+08
4.235976789168282575e-01 1.273980000000000000e+08
4.294003868471957808e-01 1.274150000000000000e+08
4.352030947775633041e-01 1.274230000000000000e+08
4.410058027079308274e-01 1.274540000000000000e+08
4.468085106382983507e-01 1.274710000000000000e+08
4.526112185686658740e-01 1.274890000000000000e+08
4.584139264990333973e-01 1.274710000000000000e+08
4.642166344294009206e-01 1.275120000000000000e+08
4.700193423597684439e-01 1.275430000000000000e+08
4.758220502901359672e-01 1.275150000000000000e+08
4.816247582205034905e-01 1.275570000000000000e+08
4.874274661508710138e-01 1.275870000000000000e+08
4.932301740812385371e-01 1.275740000000000000e+08
4.990328820116060604e-01 1.276130000000000000e+08
5.048355899419735282e-01 1.276250000000000000e+08
5.106382978723410515e-01 1.276450000000000000e+08
5.164410058027085748e-01 1.276390000000000000e+08
5.222437137330760981e-01 1.276600000000000000e+08
5.280464216634436214e-01 1.276530000000000000e+08
5.338491295938111447e-01 1.276990000000000000e+08
5.396518375241786680e-01 1.276990000000000000e+08
5.454545454545461913e-01 1.277170000000000000e+08
5.512572533849137146e-01 1.277450000000000000e+08
5.570599613152812379e-01 1.277730000000000000e+08
5.628626692456487612e-01 1.277570000000000000e+08
5.686653771760162845e-01 1.277740000000000000e+08
5.744680851063838078e-01 1.278010000000000000e+08
5.802707930367513312e-01 1.278200000000000000e+08
5.860735009671188545e-01 1.278470000000000000e+08
5.918762088974863778e-01 1.278610000000000000e+08
5.976789168278539011e-01 1.278740000000000000e+08
6.034816247582214244e-01 1.279140000000000000e+08
6.092843326885889477e-01 1.279030000000000000e+08
6.150870406189564710e-01 1.279170000000000000e+08
6.208897485493239943e-01 1.279240000000000000e+08
6.266924564796915176e-01 1.279510000000000000e+08
6.324951644100590409e-01 1.279880000000000000e+08
6.382978723404265642e-01 1.279960000000000000e+08
6.441005802707940875e-01 1.280100000000000000e+08
6.499032882011616108e-01 1.280210000000000000e+08
6.557059961315291341e-01 1.280530000000000000e+08
6.615087040618966574e-01 1.280450000000000000e+08
6.673114119922641807e-01 1.280680000000000000e+08
6.731141199226317040e-01 1.280850000000000000e+08
6.789168278529992273e-01 1.281050000000000000e+08
6.847195357833667506e-01 1.281040000000000000e+08
6.905222437137342739e-01 1.281330000000000000e+08
6.963249516441017972e-01 1.281540000000000000e+08
7.021276595744693205e-01 1.281600000000000000e+08
7.079303675048368438e-01 1.281790000000000000e+08
7.137330754352043671e-01 1.282120000000000000e+08
7.195357833655718904e-01 1.282180000000000000e+08
7.253384912959394137e-01 1.282310000000000000e+08
7.311411992263069370e-01 1.282570000000000000e+08
7.369439071566744603e-01 1.282690000000000000e+08
7.427466150870419836e-01 1.282860000000000000e+08
7.485493230174095070e-01 1.282870000000000000e+08
7.543520309477770303e-01 1.283070000000000000e+08
7.601547388781445536e-01 1.282870000000000000e+08
7.659574468085120769e-01 1.283340000000000000e+08
7.717601547388796002e-01 1.283410000000000000e+08
7.775628626692471235e-01 1.283510000000000000e+08
7.833655705996146468e-01 1.283530000000000000e+08
7.891682785299821701e-01 1.284060000000000000e+08
7.949709864603496934e-01 1.284130000000000000e+08
8.007736943907172167e-01 1.284020000000000000e+08
8.065764023210847400e-01 1.284460000000000000e+08
8.123791102514522633e-01 1.284330000000000000e+08
8.181818181818197866e-01 1.284510000000000000e+08
8.239845261121873099e-01 1.284960000000000000e+08
8.297872340425548332e-01 1.285110000000000000e+08
8.355899419729223565e-01 1.285470000000000000e+08
8.413926499032898798e-01 1.285580000000000000e+08
8.471953578336574031e-01 1.285340000000000000e+08
8.529980657640249264e-01 1.285880000000000000e+08
8.588007736943924497e-01 1.285960000000000000e+08
8.646034816247599730e-01 1.286090000000000000e+08
8.704061895551274963e-01 1.286250000000000000e+08
8.762088974854950196e-01 1.286490000000000000e+08
8.820116054158625429e-01 1.286490000000000000e+08
8.878143133462300662e-01 1.286780000000000000e+08
8.936170212765975895e-01 1.286880000000000000e+08
8.994197292069651128e-01 1.286970000000000000e+08
9.052224371373326361e-01 1.287210000000000000e+08
9.110251450677001595e-01 1.287390000000000000e+08
9.168278529980676828e-01 1.287520000000000000e+08
9.226305609284352061e-01 1.287630000000000000e+08
9.284332688588027294e-01 1.287740000000000000e+08
9.342359767891702527e-01 1.287960000000000000e+08
9.400386847195377760e-01 1.288240000000000000e+08
9.458413926499052993e-01 1.288480000000000000e+08
9.516441005802728226e-01 1.288410000000000000e+08
9.574468085106403459e-01 1.288710000000000000e+08
9.632495164410078692e-01 1.288920000000000000e+08
9.690522243713753925e-01 1.289120000000000000e+08
9.748549323017429158e-01 1.288830000000000000e+08
9.806576402321104391e-01 1.289310000000000000e+08
9.864603481624779624e-01 1.289610000000000000e+08
9.922630560928454857e-01 1.289590000000000000e+08
9.980657640232130090e-01 1.289570000000000000e+08
1.003868471953580421e+00 1.290010000000000000e+08
1.009671179883947945e+00 1.290260000000000000e+08
1.015473887814315468e+00 1.290220000000000000e+08
1.021276595744682991e+00 1.290430000000000000e+08
1.027079303675050514e+00 1.290680000000000000e+08
1.032882011605418038e+00 1.290760000000000000e+08
1.038684719535785561e+00 1.290610000000000000e+08
1.044487427466153084e+00 1.290890000000000000e+08
1.050290135396520608e+00 1.291330000000000000e+08
1.056092843326888131e+00 1.291380000000000000e+08
1.061895551257255654e+00 1.291620000000000000e+08
1.067698259187623178e+00 1.291840000000000000e+08
1.073500967117990701e+00 1.291800000000000000e+08
1.079303675048358224e+00 1.292050000000000000e+08
1.085106382978725748e+00 1.292190000000000000e+08
1.090909090909093271e+00 1.291950000000000000e+08
1.096711798839460794e+00 1.292370000000000000e+08
1.102514506769828317e+00 1.292670000000000000e+08
1.108317214700195841e+00 1.292830000000000000e+08
1.114119922630563364e+00 1.292930000000000000e+08
1.119922630560930887e+00 1.293250000000000000e+08
1.125725338491298411e+00 1.292960000000000000e+08
1.131528046421665934e+00 1.293360000000000000e+08
1.137330754352033457e+00 1.293710000000000000e+08
1.143133462282400981e+00 1.293600000000000000e+08
1.148936170212768504e+00 1.294050000000000000e+08
1.154738878143136027e+00 1.293850000000000000e+08
1.160541586073503550e+00 1.294110000000000000e+08
1.166344294003871074e+00 1.294350000000000000e+08
1.172147001934238597e+00 1.294550000000000000e+08
1.177949709864606120e+00 1.294790000000000000e+08
1.183752417794973644e+00 1.294920000000000000e+08
1.189555125725341167e+00 1.295130000000000000e+08
1.195357833655708690e+00 1.295200000000000000e+08
1.201160541586076214e+00 1.294990000000000000e+08
1.206963249516443737e+00 1.295680000000000000e+08
1.212765957446811260e+00 1.295800000000000000e+08
1.218568665377178784e+00 1.295750000000000000e+08
1.224371373307546307e+00 1.296010000000000000e+08
1.230174081237913830e+00 1.296380000000000000e+08
1.235976789168281353e+00 1.296560000000000000e+08
1.241779497098648877e+00 1.296270000000000000e+08
1.247582205029016400e+00 1.297060000000000000e+08
1.253384912959383923e+00 1.296740000000000000e+08
1.259187620889751447e+00 1.296910000000000000e+08
1.264990328820118970e+00 1.297230000000000000e+08
1.270793036750486493e+00 1.297280000000000000e+08
1.276595744680854017e+00 1.297530000000000000e+08
1.282398452611221540e+00 1.297770000000000000e+08
1.288201160541589063e+00 1.297920000000000000e+08
1.294003868471956586e+00 1.297700000000000000e+08
1.299806576402324110e+00 1.298160000000000000e+08
1.305609284332691633e+00 1.298250000000000000e+08
1.311411992263059156e+00 1.298650000000000000e+08
1.317214700193426680e+00 1.298470000000000000e+08
1.323017408123794203e+00 1.298550000000000000e+08
1.328820116054161726e+00 1.298890000000000000e+08
1.334622823984529250e+00 1.299150000000000000e+08
1.340425531914896773e+00 1.299400000000000000e+08
1.346228239845264296e+00 1.299150000000000000e+08
1.352030947775631819e+00 1.299720000000000000e+08
1.357833655705999343e+00 1.299460000000000000e+08
1.363636363636366866e+00 1.299860000000000000e+08
1.369439071566734389e+00 1.300160000000000000e+08
1.375241779497101913e+00 1.300260000000000000e+08
1.381044487427469436e+00 1.300000000000000000e+08
1.386847195357836959e+00 1.300710000000000000e+08
1.392649903288204483e+00 1.301280000000000000e+08
1.398452611218572006e+00 1.300870000000000000e+08
1.404255319148939529e+00 1.301080000000000000e+08
1.410058027079307053e+00 1.300850000000000000e+08
1.415860735009674576e+00 1.301480000000000000e+08
1.421663442940042099e+00 1.301700000000000000e+08
1.427466150870409622e+00 1.301430000000000000e+08
1.433268858800777146e+00 1.301820000000000000e+08
1.439071566731144669e+00 1.302000000000000000e+08
1.444874274661512192e+00 1.302250000000000000e+08
1.450676982591879716e+00 1.302090000000000000e+08
1.456479690522247239e+00 1.302120000000000000e+08
1.462282398452614762e+00 1.302680000000000000e+08
1.468085106382982286e+00 1.302760000000000000e+08
1.473887814313349809e+00 1.302920000000000000e+08
1.479690522243717332e+00 1.302910000000000000e+08
1.485493230174084855e+00 1.303380000000000000e+08
1.491295938104452379e+00 1.303600000000000000e+08
1.497098646034819902e+00 1.303330000000000000e+08
1.502901353965187425e+00 1.303940000000000000e+08
1.508704061895554949e+00 1.303880000000000000e+08
1.514506769825922472e+00 1.303780000000000000e+08
1.520309477756289995e+00 1.304080000000000000e+08
1.526112185686657519e+00 1.304550000000000000e+08
1.531914893617025042e+00 1.304510000000000000e+08
1.537717601547392565e+00 1.304960000000000000e+08
1.543520309477760089e+00 1.304940000000000000e+08
1.549323017408127612e+00 1.305070000000000000e+08
1.555125725338495135e+00 1.304980000000000000e+08
1.560928433268862658e+00 1.305200000000000000e+08
1.566731141199230182e+00 1.305700000000000000e+08
1.572533849129597705e+00 1.305760000000000000e+08
1.578336557059965228e+00 1.305720000000000000e+08
1.584139264990332752e+00 1.306130000000000000e+08
1.589941972920700275e+00 1.306340000000000000e+08
1.595744680851067798e+00 1.306220000000000000e+08
1.601547388781435322e+00 1.306580000000000000e+08
1.607350096711802845e+00 1.306500000000000000e+08
1.613152804642170368e+00 1.306800000000000000e+08
1.618955512572537891e+00 1.306820000000000000e+08
1.624758220502905415e+00 1.307150000000000000e+08
1.630560928433272938e+00 1.307060000000000000e+08
1.636363636363640461e+00 1.307600000000000000e+08
1.642166344294007985e+00 1.307770000000000000e+08
1.647969052224375508e+00 1.307910000000000000e+08
1.653771760154743031e+00 1.307850000000000000e+08
1.659574468085110555e+00 1.308150000000000000e+08
1.665377176015478078e+00 1.308660000000000000e+08
1.671179883945845601e+00 1.308570000000000000e+08
1.676982591876213124e+00 1.308850000000000000e+08
1.682785299806580648e+00 1.308610000000000000e+08
1.688588007736948171e+00 1.309010000000000000e+08
1.694390715667315694e+00 1.309030000000000000e+08
1.700193423597683218e+00 1.309590000000000000e+08
1.705996131528050741e+00 1.309540000000000000e+08
1.711798839458418264e+00 1.309580000000000000e+08
1.717601547388785788e+00 1.309560000000000000e+08
1.723404255319153311e+00 1.310060000000000000e+08
1.729206963249520834e+00 1.310380000000000000e+08
1.735009671179888358e+00 1.310400000000000000e+08
1.740812379110255881e+00 1.310400000000000000e+08
1.746615087040623404e+00 1.310820000000000000e+08
1.752417794970990927e+00 1.311070000000000000e+08
1.758220502901358451e+00 1.311070000000000000e+08
1.764023210831725974e+00 1.311310000000000000e+08
1.769825918762093497e+00 1.311030000000000000e+08
1.775628626692461021e+00 1.311470000000000000e+08
1.781431334622828544e+00 1.311670000000000000e+08
1.787234042553196067e+00 1.311940000000000000e+08
1.793036750483563591e+00 1.311980000000000000e+08
1.798839458413931114e+00 1.312160000000000000e+08
1.804642166344298637e+00 1.312520000000000000e+08
1.810444874274666160e+00 1.312420000000000000e+08
1.816247582205033684e+00 1.312550000000000000e+08
1.822050290135401207e+00 1.312850000000000000e+08
1.827852998065768730e+00 1.312940000000000000e+08
1.833655705996136254e+00 1.313120000000000000e+08
1.839458413926503777e+00 1.313370000000000000e+08
1.845261121856871300e+00 1.313600000000000000e+08
1.851063829787238824e+00 1.313550000000000000e+08
1.856866537717606347e+00 1.313740000000000000e+08
1.862669245647973870e+00 1.313900000000000000e+08
1.868471953578341394e+00 1.314020000000000000e+08
1.874274661508708917e+00 1.313930000000000000e+08
1.880077369439076440e+00 1.314500000000000000e+08
1.885880077369443963e+00 1.314690000000000000e+08
1.891682785299811487e+00 1.314740000000000000e+08
1.897485493230179010e+00 1.314920000000000000e+08
1.903288201160546533e+00 1.315020000000000000e+08
1.909090909090914057e+00 1.315440000000000000e+08
1.914893617021281580e+00 1.315180000000000000e+08
1.920696324951649103e+00 1.315230000000000000e+08
1.926499032882016627e+00 1.315420000000000000e+08
1.932301740812384150e+00 1.315950000000000000e+08
1.938104448742751673e+00 1.316170000000000000e+08
1.943907156673119196e+00 1.316300000000000000e+08
1.949709864603486720e+00 1.316260000000000000e+08
1.955512572533854243e+00 1.316340000000000000e+08
1.961315280464221766e+00 1.316570000000000000e+08
1.967117988394589290e+00 1.316850000000000000e+08
1.972920696324956813e+00 1.317020000000000000e+08
1.978723404255324336e+00 1.317470000000000000e+08
1.984526112185691860e+00 1.316950000000000000e+08
1.990328820116059383e+00 1.317380000000000000e+08
1.996131528046426906e+00 1.317690000000000000e+08
2.001934235976794429e+00 1.317800000000000000e+08
2.007736943907161731e+00 1.317720000000000000e+08
2.013539651837529032e+00 1.318090000000000000e+08
2.019342359767896333e+00 1.318430000000000000e+08
2.025145067698263635e+00 1.318440000000000000e+08
2.030947775628630936e+00 1.318710000000000000e+08
2.036750483558998237e+00 1.318530000000000000e+08
2.042553191489365538e+00 1.318900000000000000e+08
2.048355899419732840e+00 1.319100000000000000e+08
2.054158607350100141e+00 1.319450000000000000e+08
2.059961315280467442e+00 1.319730000000000000e+08
2.065764023210834743e+00 1.319430000000000000e+08
2.071566731141202045e+00 1.319840000000000000e+08
2.077369439071569346e+00 1.320010000000000000e+08
2.083172147001936647e+00 1.320170000000000000e+08
2.088974854932303948e+00 1.320260000000000000e+08
2.094777562862671250e+00 1.320560000000000000e+08
2.100580270793038551e+00 1.320800000000000000e+08
2.106382978723405852e+00 1.320780000000000000e+08
2.112185686653773153e+00 1.320710000000000000e+08
2.117988394584140455e+00 1.321090000000000000e+08
2.123791102514507756e+00 1.321080000000000000e+08
2.129593810444875057e+00 1.321070000000000000e+08
2.135396518375242358e+00 1.321980000000000000e+08
2.141199226305609660e+00 1.321930000000000000e+08
2.147001934235976961e+00 1.321840000000000000e+08
2.152804642166344262e+00 1.322510000000000000e+08
2.158607350096711563e+00 1.322280000000000000e+08
2.164410058027078865e+00 1.322180000000000000e+08
2.170212765957446166e+00 1.322600000000000000e+08
2.176015473887813467e+00 1.322710000000000000e+08
2.181818181818180769e+00 1.322940000000000000e+08
2.187620889748548070e+00 1.323160000000000000e+08
2.193423597678915371e+00 1.323360000000000000e+08
2.199226305609282672e+00 1.323360000000000000e+08
2.205029013539649974e+00 1.323140000000000000e+08
2.210831721470017275e+00 1.323720000000000000e+08
2.216634429400384576e+00 1.324050000000000000e+08
2.222437137330751877e+00 1.324010000000000000e+08
2.228239845261119179e+00 1.324180000000000000e+08
2.234042553191486480e+00 1.324520000000000000e+08
2.239845261121853781e+00 1.324590000000000000e+08
2.245647969052221082e+00 1.324770000000000000e+08
2.251450676982588384e+00 1.324800000000000000e+08
2.257253384912955685e+00 1.325140000000000000e+08
2.263056092843322986e+00 1.324890000000000000e+08
2.268858800773690287e+00 1.325390000000000000e+08
2.274661508704057589e+00 1.325590000000000000e+08
2.280464216634424890e+00 1.325720000000000000e+08
2.286266924564792191e+00 1.325810000000000000e+08
2.292069632495159492e+00 1.326100000000000000e+08
2.297872340425526794e+00 1.326310000000000000e+08
2.303675048355894095e+00 1.326260000000000000e+08
2.309477756286261396e+00 1.326480000000000000e+08
2.315280464216628697e+00 1.326410000000000000e+08
2.321083172146995999e+00 1.327120000000000000e+08
2.326885880077363300e+00 1.327310000000000000e+08
2.332688588007730601e+00 1.327360000000000000e+08
2.338491295938097903e+00 1.327450000000000000e+08
2.344294003868465204e+00 1.327620000000000000e+08
2.350096711798832505e+00 1.327650000000000000e+08
2.355899419729199806e+00 1.328040000000000000e+08
2.361702127659567108e+00 1.327950000000000000e+08
2.367504835589934409e+00 1.328300000000000000e+08
2.373307543520301710e+00 1.328240000000000000e+08
2.379110251450669011e+00 1.328450000000000000e+08
2.384912959381036313e+00 1.328810000000000000e+08
2.390715667311403614e+00 1.328810000000000000e+08
2.396518375241770915e+00 1.329190000000000000e+08
2.402321083172138216e+00 1.329330000000000000e+08
2.408123791102505518e+00 1.329440000000000000e+08
2.413926499032872819e+00 1.329480000000000000e+08
2.419729206963240120e+00 1.329560000000000000e+08
2.425531914893607421e+00 1.329950000000000000e+08
2.431334622823974723e+00 1.329980000000000000e+08
2.437137330754342024e+00 1.330220000000000000e+08
2.442940038684709325e+00 1.330290000000000000e+08
2.448742746615076626e+00 1.330420000000000000e+08
2.454545454545443928e+00 1.330730000000000000e+08
2.460348162475811229e+00 1.330730000000000000e+08
2.466150870406178530e+00 1.330720000000000000e+08
2.471953578336545831e+00 1.331170000000000000e+08
2.477756286266913133e+00 1.331300000000000000e+08
2.483558994197280434e+00 1.331600000000000000e+08
2.489361702127647735e+00 1.331700000000000000e+08
2.495164410058015036e+00 1.331830000000000000e+08
2.500967117988382338e+00 1.331940000000000000e+08
2.506769825918749639e+00 1.332290000000000000e+08
2.512572533849116940e+00 1.332370000000000000e+08
2.518375241779484242e+00 1.332580000000000000e+08
2.524177949709851543e+00 1.332540000000000000e+08
2.529980657640218844e+00 1.332780000000000000e+08
2.535783365570586145e+00 1.332950000000000000e+08
2.541586073500953447e+00 1.333290000000000000e+08
2.547388781431320748e+00 1.333370000000000000e+08
2.553191489361688049e+00 1.333690000000000000e+08
2.558994197292055350e+00 1.333680000000000000e+08
2.564796905222422652e+00 1.333590000000000000e+08
2.570599613152789953e+00 1.334020000000000000e+08
2.576402321083157254e+00 1.334480000000000000e+08
2.582205029013524555e+00 1.334260000000000000e+08
2.588007736943891857e+00 1.334220000000000000e+08
2.593810444874259158e+00 1.334990000000000000e+08
2.599613152804626459e+00 1.334740000000000000e+08
2.605415860734993760e+00 1.334580000000000000e+08
2.611218568665361062e+00 1.334780000000000000e+08
2.617021276595728363e+00 1.335470000000000000e+08
2.622823984526095664e+00 1.335480000000000000e+08
2.628626692456462965e+00 1.335410000000000000e+08
2.634429400386830267e+00 1.335730000000000000e+08
2.640232108317197568e+00 1.335940000000000000e+08
2.646034816247564869e+00 1.335830000000000000e+08
2.651837524177932170e+00 1.336080000000000000e+08
2.657640232108299472e+00 1.336580000000000000e+08
2.663442940038666773e+00 1.336500000000000000e+08
2.669245647969034074e+00 1.336820000000000000e+08
2.675048355899401376e+00 1.337090000000000000e+08
2.680851063829768677e+00 1.336870000000000000e+08
2.686653771760135978e+00 1.337280000000000000e+08
2.692456479690503279e+00 1.337580000000000000e+08
2.698259187620870581e+00 1.337690000000000000e+08
2.704061895551237882e+00 1.338060000000000000e+08
2.709864603481605183e+00 1.338190000000000000e+08
2.715667311411972484e+00 1.338230000000000000e+08
2.721470019342339786e+00 1.338330000000000000e+08
2.727272727272707087e+00 1.338430000000000000e+08
2.733075435203074388e+00 1.338550000000000000e+08
2.738878143133441689e+00 1.339120000000000000e+08
2.744680851063808991e+00 1.338990000000000000e+08
2.750483558994176292e+00 1.339240000000000000e+08
2.756286266924543593e+00 1.339030000000000000e+08
2.762088974854910894e+00 1.339220000000000000e+08
2.767891682785278196e+00 1.339660000000000000e+08
2.773694390715645497e+00 1.340030000000000000e+08
2.779497098646012798e+00 1.339740000000000000e+08
2.785299806576380099e+00 1.340200000000000000e+08
2.791102514506747401e+00 1.340240000000000000e+08
2.796905222437114702e+00 1.340620000000000000e+08
2.802707930367482003e+00 1.340630000000000000e+08
2.808510638297849304e+00 1.340690000000000000e+08
2.814313346228216606e+00 1.340910000000000000e+08
2.820116054158583907e+00 1.341190000000000000e+08
2.825918762088951208e+00 1.341320000000000000e+08
2.831721470019318510e+00 1.341740000000000000e+08
2.837524177949685811e+00 1.341690000000000000e+08
2.843326885880053112e+00 1.341870000000000000e+08
2.849129593810420413e+00 1.342110000000000000e+08
2.854932301740787715e+00 1.342180000000000000e+08
2.860735009671155016e+00 1.341870000000000000e+08
2.866537717601522317e+00 1.342240000000000000e+08
2.872340425531889618e+00 1.342680000000000000e+08
2.878143133462256920e+00 1.342990000000000000e+08
2.883945841392624221e+00 1.342710000000000000e+08
2.889748549322991522e+00 1.342860000000000000e+08
2.895551257253358823e+00 1.343700000000000000e+08
2.901353965183726125e+00 1.343290000000000000e+08
2.907156673114093426e+00 1.343380000000000000e+08
2.912959381044460727e+00 1.343770000000000000e+08
2.918762088974828028e+00 1.344040000000000000e+08
2.924564796905195330e+00 1.344030000000000000e+08
2.930367504835562631e+00 1.344050000000000000e+08
2.936170212765929932e+00 1.344450000000000000e+08
2.941972920696297233e+00 1.344600000000000000e+08
2.947775628626664535e+00 1.344820000000000000e+08
2.953578336557031836e+00 1.344560000000000000e+08
2.959381044487399137e+00 1.345320000000000000e+08
2.965183752417766438e+00 1.345410000000000000e+08
2.970986460348133740e+00 1.345490000000000000e+08
2.976789168278501041e+00 1.345890000000000000e+08
2.982591876208868342e+00 1.345480000000000000e+08
2.988394584139235644e+00 1.346070000000000000e+08
2.994197292069602945e+00 1.345850000000000000e+08
2.999999999999970246e+00 1.346340000000000000e+08
