0.000000000000000000e+00 1.000170000000000000e+08
1.428571428571428492e-01 1.262530000000000000e+08
2.857142857142856984e-01 1.266650000000000000e+08
4.285714285714285476e-01 1.270040000000000000e+08
5.714285714285713969e-01 1.274310000000000000e+08
7.142857142857141906e-01 1.277990000000000000e+08
8.571428571428569843e-01 1.282050000000000000e+08
9.999999999999997780e-01 1.285930000000000000e+08
1.142857142857142572e+00 1.289840000000000000e+08
1.285714285714285365e+00 1.293570000000000000e+08
1.428571428571428159e+00 1.297790000000000000e+08
1.571428571428570953e+00 1.301870000000000000e+08
1.714285714285713746e+00 1.305690000000000000e+08
1.857142857142856540e+00 1.309280000000000000e+08
1.999999999999999334e+00 1.313530000000000000e+08
2.142857142857142350e+00 1.317520000000000000e+08
2.285714285714285143e+00 1.321730000000000000e+08
2.428571428571427937e+00 1.325780000000000000e+08
2.571428571428570731e+00 1.329470000000000000e+08
2.714285714285713524e+00 1.333480000000000000e+08
2.857142857142856318e+00 1.337830000000000000e+08
2.999999999999999112e+00 1.341880000000000000e+08
