0.000000000000000000e+00 1.000600000000000000e+08
1.798561151079136784e-03 1.055500000000000000e+08
3.597122302158273568e-03 1.055940000000000000e+08
5.395683453237410353e-03 1.099410000000000000e+08
7.194244604316547137e-03 1.099740000000000000e+08
8.992805755395683054e-03 1.134170000000000000e+08
1.079136690647481897e-02 1.134420000000000000e+08
1.258992805755395489e-02 1.161690000000000000e+08
1.438848920863309080e-02 1.161850000000000000e+08
1.618705035971222672e-02 1.183420000000000000e+08
1.798561151079136264e-02 1.183570000000000000e+08
1.978417266187049856e-02 1.200650000000000000e+08
2.158273381294963447e-02 1.200830000000000000e+08
2.338129496402877039e-02 1.214300000000000000e+08
2.517985611510790631e-02 1.214560000000000000e+08
2.697841726618704222e-02 1.225170000000000000e+08
2.877697841726617814e-02 1.225330000000000000e+08
3.057553956834531406e-02 1.233770000000000000e+08
3.237410071942445344e-02 1.233910000000000000e+08
3.417266187050359283e-02 1.240620000000000000e+08
3.597122302158273222e-02 1.240800000000000000e+08
3.776978417266187160e-02 1.246030000000000000e+08
3.956834532374101099e-02 1.246200000000000000e+08
4.136690647482015037e-02 1.250370000000000000e+08
4.316546762589928976e-02 1.250480000000000000e+08
4.496402877697842915e-02 1.253810000000000000e+08
4.676258992805756853e-02 1.253890000000000000e+08
4.856115107913670792e-02 1.256510000000000000e+08
5.035971223021584731e-02 1.256590000000000000e+08
5.215827338129498669e-02 1.258670000000000000e+08
5.395683453237412608e-02 1.258770000000000000e+08
5.575539568345326547e-02 1.260390000000000000e+08
5.755395683453240485e-02 1.260500000000000000e+08
5.935251798561154424e-02 1.261810000000000000e+08
6.115107913669068362e-02 1.261920000000000000e+08
6.294964028776982301e-02 1.262960000000000000e+08
6.474820143884896240e-02 1.263060000000000000e+08
6.654676258992810178e-02 1.263940000000000000e+08
6.834532374100724117e-02 1.263940000000000000e+08
7.014388489208638056e-02 1.264690000000000000e+08
7.194244604316551994e-02 1.264690000000000000e+08
7.374100719424465933e-02 1.265310000000000000e+08
7.553956834532379871e-02 1.265330000000000000e+08
7.733812949640293810e-02 1.265810000000000000e+08
7.913669064748207749e-02 1.265820000000000000e+08
8.093525179856121687e-02 1.266210000000000000e+08
8.273381294964035626e-02 1.266220000000000000e+08
8.453237410071949565e-02 1.266520000000000000e+08
8.633093525179863503e-02 1.266580000000000000e+08
8.812949640287777442e-02 1.266790000000000000e+08
8.992805755395691381e-02 1.266890000000000000e+08
9.172661870503605319e-02 1.267040000000000000e+08
9.352517985611519258e-02 1.267160000000000000e+08
9.532374100719433196e-02 1.267280000000000000e+08
9.712230215827347135e-02 1.267370000000000000e+08
9.892086330935261074e-02 1.267460000000000000e+08
1.007194244604317501e-01 1.267570000000000000e+08
1.025179856115108895e-01 1.267650000000000000e+08
1.043165467625900289e-01 1.267730000000000000e+08
1.061151079136691683e-01 1.267800000000000000e+08
1.079136690647483077e-01 1.267870000000000000e+08
1.097122302158274471e-01 1.267920000000000000e+08
1.115107913669065864e-01 1.268030000000000000e+08
1.133093525179857258e-01 1.268080000000000000e+08
1.151079136690648652e-01 1.268180000000000000e+08
1.169064748201440046e-01 1.268190000000000000e+08
1.187050359712231440e-01 1.268300000000000000e+08
1.205035971223022834e-01 1.268290000000000000e+08
1.223021582733814228e-01 1.268440000000000000e+08
1.241007194244605621e-01 1.268450000000000000e+08
1.258992805755397015e-01 1.268560000000000000e+08
1.276978417266188270e-01 1.268560000000000000e+08
1.294964028776979525e-01 1.268650000000000000e+08
1.312949640287770781e-01 1.268680000000000000e+08
1.330935251798562036e-01 1.268740000000000000e+08
1.348920863309353291e-01 1.268810000000000000e+08
1.366906474820144546e-01 1.268850000000000000e+08
1.384892086330935801e-01 1.268940000000000000e+08
1.402877697841727056e-01 1.268940000000000000e+08
1.420863309352518311e-01 1.269020000000000000e+08
1.438848920863309566e-01 1.269070000000000000e+08
1.456834532374100821e-01 1.269090000000000000e+08
1.474820143884892076e-01 1.269150000000000000e+08
1.492805755395683331e-01 1.269180000000000000e+08
1.510791366906474587e-01 1.269220000000000000e+08
1.528776978417265842e-01 1.269270000000000000e+08
1.546762589928057097e-01 1.269340000000000000e+08
1.564748201438848352e-01 1.269370000000000000e+08
1.582733812949639607e-01 1.269440000000000000e+08
1.600719424460430862e-01 1.269470000000000000e+08
1.618705035971222117e-01 1.269540000000000000e+08
1.636690647482013372e-01 1.269580000000000000e+08
1.654676258992804627e-01 1.269650000000000000e+08
1.672661870503595882e-01 1.269680000000000000e+08
1.690647482014387137e-01 1.269740000000000000e+08
1.708633093525178392e-01 1.269770000000000000e+08
1.726618705035969648e-01 1.269820000000000000e+08
1.744604316546760903e-01 1.269900000000000000e+08
1.762589928057552158e-01 1.269930000000000000e+08
1.780575539568343413e-01 1.269980000000000000e+08
1.798561151079134668e-01 1.270050000000000000e+08
1.816546762589925923e-01 1.270130000000000000e+08
1.834532374100717178e-01 1.270170000000000000e+08
1.852517985611508433e-01 1.270230000000000000e+08
1.870503597122299688e-01 1.270260000000000000e+08
1.888489208633090943e-01 1.270320000000000000e+08
1.906474820143882198e-01 1.270360000000000000e+08
1.924460431654673453e-01 1.270450000000000000e+08
1.942446043165464709e-01 1.270490000000000000e+08
1.960431654676255964e-01 1.270550000000000000e+08
1.978417266187047219e-01 1.270640000000000000e+08
1.996402877697838474e-01 1.270640000000000000e+08
2.014388489208629729e-01 1.270700000000000000e+08
2.032374100719420984e-01 1.270740000000000000e+08
2.050359712230212239e-01 1.270800000000000000e+08
2.068345323741003494e-01 1.270820000000000000e+08
2.086330935251794749e-01 1.270910000000000000e+08
2.104316546762586004e-01 1.270920000000000000e+08
2.122302158273377259e-01 1.270990000000000000e+08
2.140287769784168515e-01 1.270990000000000000e+08
2.158273381294959770e-01 1.271090000000000000e+08
2.176258992805751025e-01 1.271100000000000000e+08
2.194244604316542280e-01 1.271200000000000000e+08
2.212230215827333535e-01 1.271220000000000000e+08
2.230215827338124790e-01 1.271260000000000000e+08
2.248201438848916045e-01 1.271320000000000000e+08
2.266187050359707300e-01 1.271370000000000000e+08
2.284172661870498555e-01 1.271420000000000000e+08
2.302158273381289810e-01 1.271440000000000000e+08
2.320143884892081065e-01 1.271500000000000000e+08
2.338129496402872320e-01 1.271540000000000000e+08
2.356115107913663576e-01 1.271600000000000000e+08
2.374100719424454831e-01 1.271620000000000000e+08
2.392086330935246086e-01 1.271690000000000000e+08
2.410071942446037341e-01 1.271730000000000000e+08
2.428057553956828596e-01 1.271810000000000000e+08
2.446043165467619851e-01 1.271840000000000000e+08
2.464028776978411106e-01 1.271910000000000000e+08
2.482014388489202361e-01 1.271940000000000000e+08
2.499999999999993616e-01 1.272040000000000000e+08
2.517985611510785149e-01 1.272060000000000000e+08
2.535971223021576404e-01 1.272130000000000000e+08
2.553956834532367659e-01 1.272150000000000000e+08
2.571942446043158914e-01 1.272220000000000000e+08
2.589928057553950169e-01 1.272190000000000000e+08
2.607913669064741424e-01 1.272320000000000000e+08
2.625899280575532679e-01 1.272280000000000000e+08
2.643884892086323934e-01 1.272420000000000000e+08
2.661870503597115190e-01 1.272400000000000000e+08
2.679856115107906445e-01 1.272510000000000000e+08
2.697841726618697700e-01 1.272480000000000000e+08
2.715827338129488955e-01 1.272630000000000000e+08
2.733812949640280210e-01 1.272620000000000000e+08
2.751798561151071465e-01 1.272710000000000000e+08
2.769784172661862720e-01 1.272720000000000000e+08
2.787769784172653975e-01 1.272800000000000000e+08
2.805755395683445230e-01 1.272780000000000000e+08
2.823741007194236485e-01 1.272900000000000000e+08
2.841726618705027740e-01 1.272880000000000000e+08
2.859712230215818995e-01 1.273000000000000000e+08
2.877697841726610251e-01 1.272990000000000000e+08
2.895683453237401506e-01 1.273110000000000000e+08
2.913669064748192761e-01 1.273120000000000000e+08
2.931654676258984016e-01 1.273230000000000000e+08
2.949640287769775271e-01 1.273250000000000000e+08
2.967625899280566526e-01 1.273330000000000000e+08
2.985611510791357781e-01 1.273370000000000000e+08
3.003597122302149036e-01 1.273410000000000000e+08
3.021582733812940291e-01 1.273470000000000000e+08
3.039568345323731546e-01 1.273500000000000000e+08
3.057553956834522801e-01 1.273580000000000000e+08
3.075539568345314057e-01 1.273620000000000000e+08
3.093525179856105312e-01 1.273670000000000000e+08
3.111510791366896567e-01 1.273690000000000000e+08
3.129496402877687822e-01 1.273730000000000000e+08
3.147482014388479077e-01 1.273730000000000000e+08
3.165467625899270332e-01 1.273840000000000000e+08
3.183453237410061587e-01 1.273840000000000000e+08
3.201438848920852842e-01 1.273960000000000000e+08
3.219424460431644097e-01 1.273940000000000000e+08
3.237410071942435352e-01 1.274080000000000000e+08
3.255395683453226607e-01 1.274060000000000000e+08
3.273381294964017862e-01 1.274180000000000000e+08
3.291366906474809118e-01 1.274180000000000000e+08
3.309352517985600373e-01 1.274250000000000000e+08
3.327338129496391628e-01 1.274260000000000000e+08
3.345323741007182883e-01 1.274380000000000000e+08
3.363309352517974138e-01 1.274390000000000000e+08
3.381294964028765393e-01 1.274440000000000000e+08
3.399280575539556648e-01 1.274500000000000000e+08
3.417266187050347903e-01 1.274520000000000000e+08
3.435251798561139158e-01 1.274600000000000000e+08
3.453237410071930413e-01 1.274610000000000000e+08
3.471223021582721668e-01 1.274710000000000000e+08
3.489208633093512923e-01 1.274770000000000000e+08
3.507194244604304179e-01 1.274790000000000000e+08
3.525179856115095434e-01 1.274860000000000000e+08
3.543165467625886689e-01 1.274900000000000000e+08
3.561151079136677944e-01 1.274950000000000000e+08
3.579136690647469199e-01 1.274950000000000000e+08
3.597122302158260454e-01 1.275070000000000000e+08
3.615107913669051709e-01 1.275030000000000000e+08
3.633093525179842964e-01 1.275140000000000000e+08
3.651079136690634219e-01 1.275130000000000000e+08
3.669064748201425474e-01 1.275250000000000000e+08
3.687050359712216729e-01 1.275270000000000000e+08
3.705035971223007984e-01 1.275330000000000000e+08
3.723021582733799240e-01 1.275330000000000000e+08
3.741007194244590495e-01 1.275430000000000000e+08
3.758992805755381750e-01 1.275420000000000000e+08
3.776978417266173005e-01 1.275580000000000000e+08
3.794964028776964260e-01 1.275540000000000000e+08
3.812949640287755515e-01 1.275670000000000000e+08
3.830935251798546770e-01 1.275660000000000000e+08
3.848920863309338025e-01 1.275770000000000000e+08
3.866906474820129280e-01 1.275800000000000000e+08
3.884892086330920535e-01 1.275880000000000000e+08
3.902877697841711790e-01 1.275920000000000000e+08
3.920863309352503046e-01 1.275950000000000000e+08
3.938848920863294301e-01 1.276050000000000000e+08
3.956834532374085556e-01 1.276060000000000000e+08
3.974820143884876811e-01 1.276160000000000000e+08
3.992805755395668066e-01 1.276210000000000000e+08
4.010791366906459321e-01 1.276270000000000000e+08
4.028776978417250576e-01 1.276340000000000000e+08
4.046762589928041831e-01 1.276400000000000000e+08
4.064748201438833086e-01 1.276500000000000000e+08
4.082733812949624341e-01 1.276550000000000000e+08
4.100719424460415596e-01 1.276600000000000000e+08
4.118705035971206851e-01 1.276610000000000000e+08
4.136690647481998107e-01 1.276670000000000000e+08
4.154676258992789362e-01 1.276680000000000000e+08
4.172661870503580617e-01 1.276720000000000000e+08
4.190647482014371872e-01 1.276770000000000000e+08
4.208633093525163127e-01 1.276800000000000000e+08
4.226618705035954382e-01 1.276890000000000000e+08
4.244604316546745637e-01 1.276910000000000000e+08
4.262589928057536892e-01 1.276990000000000000e+08
4.280575539568328147e-01 1.276990000000000000e+08
4.298561151079119402e-01 1.277050000000000000e+08
4.316546762589910657e-01 1.277030000000000000e+08
4.334532374100701912e-01 1.277120000000000000e+08
4.352517985611493168e-01 1.277090000000000000e+08
4.370503597122284423e-01 1.277260000000000000e+08
4.388489208633075678e-01 1.277240000000000000e+08
4.406474820143866933e-01 1.277330000000000000e+08
4.424460431654658188e-01 1.277330000000000000e+08
4.442446043165449443e-01 1.277450000000000000e+08
4.460431654676240698e-01 1.277460000000000000e+08
4.478417266187031953e-01 1.277490000000000000e+08
4.496402877697823208e-01 1.277560000000000000e+08
4.514388489208614463e-01 1.277580000000000000e+08
4.532374100719405718e-01 1.277680000000000000e+08
4.550359712230196974e-01 1.277710000000000000e+08
4.568345323740988229e-01 1.277820000000000000e+08
4.586330935251779484e-01 1.277790000000000000e+08
4.604316546762570739e-01 1.277950000000000000e+08
4.622302158273361994e-01 1.277890000000000000e+08
4.640287769784153249e-01 1.278010000000000000e+08
4.658273381294944504e-01 1.278040000000000000e+08
4.676258992805735759e-01 1.278120000000000000e+08
4.694244604316527014e-01 1.278160000000000000e+08
4.712230215827318269e-01 1.278230000000000000e+08
4.730215827338109524e-01 1.278250000000000000e+08
4.748201438848900779e-01 1.278300000000000000e+08
4.766187050359692035e-01 1.278330000000000000e+08
4.784172661870483290e-01 1.278380000000000000e+08
4.802158273381274545e-01 1.278410000000000000e+08
4.820143884892065800e-01 1.278450000000000000e+08
4.838129496402857055e-01 1.278530000000000000e+08
4.856115107913648310e-01 1.278580000000000000e+08
4.874100719424439565e-01 1.278670000000000000e+08
4.892086330935230820e-01 1.278650000000000000e+08
4.910071942446022075e-01 1.278750000000000000e+08
4.928057553956813330e-01 1.278780000000000000e+08
4.946043165467604585e-01 1.278820000000000000e+08
4.964028776978395840e-01 1.278910000000000000e+08
4.982014388489187096e-01 1.278870000000000000e+08
4.999999999999978351e-01 1.279020000000000000e+08
5.017985611510770161e-01 1.278980000000000000e+08
5.035971223021561416e-01 1.279080000000000000e+08
5.053956834532352671e-01 1.279070000000000000e+08
5.071942446043143926e-01 1.279190000000000000e+08
5.089928057553935181e-01 1.279160000000000000e+08
5.107913669064726436e-01 1.279300000000000000e+08
5.125899280575517691e-01 1.279270000000000000e+08
5.143884892086308946e-01 1.279390000000000000e+08
5.161870503597100202e-01 1.279380000000000000e+08
5.179856115107891457e-01 1.279490000000000000e+08
5.197841726618682712e-01 1.279520000000000000e+08
5.215827338129473967e-01 1.279640000000000000e+08
5.233812949640265222e-01 1.279620000000000000e+08
5.251798561151056477e-01 1.279780000000000000e+08
5.269784172661847732e-01 1.279780000000000000e+08
5.287769784172638987e-01 1.279920000000000000e+08
5.305755395683430242e-01 1.279930000000000000e+08
5.323741007194221497e-01 1.280030000000000000e+08
5.341726618705012752e-01 1.280050000000000000e+08
5.359712230215804007e-01 1.280130000000000000e+08
5.377697841726595263e-01 1.280160000000000000e+08
5.395683453237386518e-01 1.280230000000000000e+08
5.413669064748177773e-01 1.280270000000000000e+08
5.431654676258969028e-01 1.280330000000000000e+08
5.449640287769760283e-01 1.280350000000000000e+08
5.467625899280551538e-01 1.280440000000000000e+08
5.485611510791342793e-01 1.280450000000000000e+08
5.503597122302134048e-01 1.280540000000000000e+08
5.521582733812925303e-01 1.280550000000000000e+08
5.539568345323716558e-01 1.280640000000000000e+08
5.557553956834507813e-01 1.280660000000000000e+08
5.575539568345299068e-01 1.280740000000000000e+08
5.593525179856090324e-01 1.280760000000000000e+08
5.611510791366881579e-01 1.280790000000000000e+08
5.629496402877672834e-01 1.280850000000000000e+08
5.647482014388464089e-01 1.280810000000000000e+08
5.665467625899255344e-01 1.280960000000000000e+08
5.683453237410046599e-01 1.280920000000000000e+08
5.701438848920837854e-01 1.281080000000000000e+08
5.719424460431629109e-01 1.281050000000000000e+08
5.737410071942420364e-01 1.281180000000000000e+08
5.755395683453211619e-01 1.281170000000000000e+08
5.773381294964002874e-01 1.281290000000000000e+08
5.791366906474794130e-01 1.281290000000000000e+08
5.809352517985585385e-01 1.281410000000000000e+08
5.827338129496376640e-01 1.281410000000000000e+08
5.845323741007167895e-01 1.281530000000000000e+08
5.863309352517959150e-01 1.281500000000000000e+08
5.881294964028750405e-01 1.281640000000000000e+08
5.899280575539541660e-01 1.281620000000000000e+08
5.917266187050332915e-01 1.281730000000000000e+08
5.935251798561124170e-01 1.281730000000000000e+08
5.953237410071915425e-01 1.281810000000000000e+08
5.971223021582706680e-01 1.281810000000000000e+08
5.989208633093497935e-01 1.281890000000000000e+08
6.007194244604289191e-01 1.281910000000000000e+08
6.025179856115080446e-01 1.282000000000000000e+08
6.043165467625871701e-01 1.282030000000000000e+08
6.061151079136662956e-01 1.282110000000000000e+08
6.079136690647454211e-01 1.282140000000000000e+08
6.097122302158245466e-01 1.282210000000000000e+08
6.115107913669036721e-01 1.282260000000000000e+08
6.133093525179827976e-01 1.282320000000000000e+08
6.151079136690619231e-01 1.282370000000000000e+08
6.169064748201410486e-01 1.282430000000000000e+08
6.187050359712201741e-01 1.282470000000000000e+08
6.205035971222992996e-01 1.282530000000000000e+08
6.223021582733784252e-01 1.282570000000000000e+08
6.241007194244575507e-01 1.282630000000000000e+08
6.258992805755366762e-01 1.282660000000000000e+08
6.276978417266158017e-01 1.282710000000000000e+08
6.294964028776949272e-01 1.282750000000000000e+08
6.312949640287740527e-01 1.282810000000000000e+08
6.330935251798531782e-01 1.282840000000000000e+08
6.348920863309323037e-01 1.282900000000000000e+08
6.366906474820114292e-01 1.282950000000000000e+08
6.384892086330905547e-01 1.283010000000000000e+08
6.402877697841696802e-01 1.283060000000000000e+08
6.420863309352488058e-01 1.283120000000000000e+08
6.438848920863279313e-01 1.283170000000000000e+08
6.456834532374070568e-01 1.283220000000000000e+08
6.474820143884861823e-01 1.283280000000000000e+08
6.492805755395653078e-01 1.283320000000000000e+08
6.510791366906444333e-01 1.283370000000000000e+08
6.528776978417235588e-01 1.283410000000000000e+08
6.546762589928026843e-01 1.283460000000000000e+08
6.564748201438818098e-01 1.283480000000000000e+08
6.582733812949609353e-01 1.283540000000000000e+08
6.600719424460400608e-01 1.283580000000000000e+08
6.618705035971191863e-01 1.283650000000000000e+08
6.636690647481983119e-01 1.283690000000000000e+08
6.654676258992774374e-01 1.283740000000000000e+08
6.672661870503565629e-01 1.283800000000000000e+08
6.690647482014356884e-01 1.283860000000000000e+08
6.708633093525148139e-01 1.283910000000000000e+08
6.726618705035939394e-01 1.283970000000000000e+08
6.744604316546730649e-01 1.284010000000000000e+08
6.762589928057521904e-01 1.284080000000000000e+08
6.780575539568313159e-01 1.284090000000000000e+08
6.798561151079104414e-01 1.284160000000000000e+08
6.816546762589895669e-01 1.284180000000000000e+08
6.834532374100686924e-01 1.284260000000000000e+08
6.852517985611478180e-01 1.284280000000000000e+08
6.870503597122269435e-01 1.284360000000000000e+08
6.888489208633060690e-01 1.284390000000000000e+08
6.906474820143851945e-01 1.284460000000000000e+08
6.924460431654643200e-01 1.284490000000000000e+08
6.942446043165434455e-01 1.284570000000000000e+08
6.960431654676225710e-01 1.284590000000000000e+08
6.978417266187016965e-01 1.284670000000000000e+08
6.996402877697808220e-01 1.284690000000000000e+08
7.014388489208599475e-01 1.284790000000000000e+08
7.032374100719390730e-01 1.284810000000000000e+08
7.050359712230181986e-01 1.284880000000000000e+08
7.068345323740973241e-01 1.284910000000000000e+08
7.086330935251764496e-01 1.284970000000000000e+08
7.104316546762555751e-01 1.285000000000000000e+08
7.122302158273347006e-01 1.285060000000000000e+08
7.140287769784138261e-01 1.285100000000000000e+08
7.158273381294929516e-01 1.285160000000000000e+08
7.176258992805720771e-01 1.285210000000000000e+08
7.194244604316512026e-01 1.285270000000000000e+08
7.212230215827303281e-01 1.285320000000000000e+08
7.230215827338094536e-01 1.285360000000000000e+08
7.248201438848885791e-01 1.285420000000000000e+08
7.266187050359677047e-01 1.285450000000000000e+08
7.284172661870468302e-01 1.285500000000000000e+08
7.302158273381259557e-01 1.285540000000000000e+08
7.320143884892050812e-01 1.285610000000000000e+08
7.338129496402842067e-01 1.285650000000000000e+08
7.356115107913633322e-01 1.285720000000000000e+08
7.374100719424424577e-01 1.285760000000000000e+08
7.392086330935215832e-01 1.285830000000000000e+08
7.410071942446007087e-01 1.285880000000000000e+08
7.428057553956798342e-01 1.285950000000000000e+08
7.446043165467589597e-01 1.285980000000000000e+08
7.464028776978380852e-01 1.286040000000000000e+08
7.482014388489172108e-01 1.286080000000000000e+08
7.499999999999963363e-01 1.286150000000000000e+08
7.517985611510754618e-01 1.286170000000000000e+08
7.535971223021545873e-01 1.286240000000000000e+08
7.553956834532337128e-01 1.286250000000000000e+08
7.571942446043128383e-01 1.286340000000000000e+08
7.589928057553919638e-01 1.286360000000000000e+08
7.607913669064710893e-01 1.286450000000000000e+08
7.625899280575502148e-01 1.286460000000000000e+08
7.643884892086293403e-01 1.286550000000000000e+08
7.661870503597084658e-01 1.286570000000000000e+08
7.679856115107875913e-01 1.286630000000000000e+08
7.697841726618667169e-01 1.286670000000000000e+08
7.715827338129458424e-01 1.286730000000000000e+08
7.733812949640249679e-01 1.286760000000000000e+08
7.751798561151040934e-01 1.286840000000000000e+08
7.769784172661832189e-01 1.286850000000000000e+08
7.787769784172623444e-01 1.286940000000000000e+08
7.805755395683414699e-01 1.286960000000000000e+08
7.823741007194205954e-01 1.287040000000000000e+08
7.841726618704997209e-01 1.287060000000000000e+08
7.859712230215788464e-01 1.287130000000000000e+08
7.877697841726579719e-01 1.287160000000000000e+08
7.895683453237370975e-01 1.287210000000000000e+08
7.913669064748162230e-01 1.287260000000000000e+08
7.931654676258953485e-01 1.287320000000000000e+08
7.949640287769744740e-01 1.287360000000000000e+08
7.967625899280535995e-01 1.287430000000000000e+08
7.985611510791327250e-01 1.287470000000000000e+08
8.003597122302118505e-01 1.287520000000000000e+08
8.021582733812909760e-01 1.287560000000000000e+08
8.039568345323701015e-01 1.287610000000000000e+08
8.057553956834492270e-01 1.287640000000000000e+08
8.075539568345283525e-01 1.287720000000000000e+08
8.093525179856074780e-01 1.287750000000000000e+08
8.111510791366866036e-01 1.287810000000000000e+08
8.129496402877657291e-01 1.287850000000000000e+08
8.147482014388448546e-01 1.287900000000000000e+08
8.165467625899239801e-01 1.287950000000000000e+08
8.183453237410031056e-01 1.288000000000000000e+08
8.201438848920822311e-01 1.288060000000000000e+08
8.219424460431613566e-01 1.288110000000000000e+08
8.237410071942404821e-01 1.288160000000000000e+08
8.255395683453196076e-01 1.288220000000000000e+08
8.273381294963987331e-01 1.288260000000000000e+08
8.291366906474778586e-01 1.288320000000000000e+08
8.309352517985569841e-01 1.288370000000000000e+08
8.327338129496361097e-01 1.288440000000000000e+08
8.345323741007152352e-01 1.288480000000000000e+08
8.363309352517943607e-01 1.288540000000000000e+08
8.381294964028734862e-01 1.288600000000000000e+08
8.399280575539526117e-01 1.288660000000000000e+08
8.417266187050317372e-01 1.288720000000000000e+08
8.435251798561108627e-01 1.288760000000000000e+08
8.453237410071899882e-01 1.288820000000000000e+08
8.471223021582691137e-01 1.288850000000000000e+08
8.489208633093482392e-01 1.288900000000000000e+08
8.507194244604273647e-01 1.288940000000000000e+08
8.525179856115064903e-01 1.289000000000000000e+08
8.543165467625856158e-01 1.289050000000000000e+08
8.561151079136647413e-01 1.289090000000000000e+08
8.579136690647438668e-01 1.289140000000000000e+08
8.597122302158229923e-01 1.289180000000000000e+08
8.615107913669021178e-01 1.289220000000000000e+08
8.633093525179812433e-01 1.289270000000000000e+08
8.651079136690603688e-01 1.289310000000000000e+08
8.669064748201394943e-01 1.289370000000000000e+08
8.687050359712186198e-01 1.289410000000000000e+08
8.705035971222977453e-01 1.289470000000000000e+08
8.723021582733768708e-01 1.289500000000000000e+08
8.741007194244559964e-01 1.289550000000000000e+08
8.758992805755351219e-01 1.289600000000000000e+08
8.776978417266142474e-01 1.289650000000000000e+08
8.794964028776933729e-01 1.289700000000000000e+08
8.812949640287724984e-01 1.289750000000000000e+08
8.830935251798516239e-01 1.289810000000000000e+08
8.848920863309307494e-01 1.289850000000000000e+08
8.866906474820098749e-01 1.289890000000000000e+08
8.884892086330890004e-01 1.289920000000000000e+08
8.902877697841681259e-01 1.289990000000000000e+08
8.920863309352472514e-01 1.290030000000000000e+08
8.938848920863263769e-01 1.290110000000000000e+08
8.956834532374055025e-01 1.290150000000000000e+08
8.974820143884846280e-01 1.290230000000000000e+08
8.992805755395637535e-01 1.290250000000000000e+08
9.010791366906428790e-01 1.290320000000000000e+08
9.028776978417220045e-01 1.290360000000000000e+08
9.046762589928011300e-01 1.290440000000000000e+08
9.064748201438802555e-01 1.290480000000000000e+08
9.082733812949593810e-01 1.290560000000000000e+08
9.100719424460385065e-01 1.290600000000000000e+08
9.118705035971176320e-01 1.290650000000000000e+08
9.136690647481967575e-01 1.290680000000000000e+08
9.154676258992758831e-01 1.290750000000000000e+08
9.172661870503550086e-01 1.290770000000000000e+08
9.190647482014341341e-01 1.290850000000000000e+08
9.208633093525132596e-01 1.290880000000000000e+08
9.226618705035923851e-01 1.290940000000000000e+08
9.244604316546715106e-01 1.290980000000000000e+08
9.262589928057506361e-01 1.291030000000000000e+08
9.280575539568297616e-01 1.291090000000000000e+08
9.298561151079088871e-01 1.291140000000000000e+08
9.316546762589880126e-01 1.291200000000000000e+08
9.334532374100671381e-01 1.291220000000000000e+08
9.352517985611462636e-01 1.291300000000000000e+08
9.370503597122253892e-01 1.291310000000000000e+08
9.388489208633045147e-01 1.291390000000000000e+08
9.406474820143836402e-01 1.291410000000000000e+08
9.424460431654627657e-01 1.291490000000000000e+08
9.442446043165418912e-01 1.291530000000000000e+08
9.460431654676210167e-01 1.291590000000000000e+08
9.478417266187001422e-01 1.291630000000000000e+08
9.496402877697792677e-01 1.291690000000000000e+08
9.514388489208583932e-01 1.291740000000000000e+08
9.532374100719375187e-01 1.291790000000000000e+08
9.550359712230166442e-01 1.291840000000000000e+08
9.568345323740957697e-01 1.291890000000000000e+08
9.586330935251748953e-01 1.291940000000000000e+08
9.604316546762540208e-01 1.291990000000000000e+08
9.622302158273331463e-01 1.292030000000000000e+08
9.640287769784122718e-01 1.292090000000000000e+08
9.658273381294913973e-01 1.292150000000000000e+08
9.676258992805705228e-01 1.292210000000000000e+08
9.694244604316496483e-01 1.292250000000000000e+08
9.712230215827287738e-01 1.292330000000000000e+08
9.730215827338078993e-01 1.292360000000000000e+08
9.748201438848870248e-01 1.292420000000000000e+08
9.766187050359661503e-01 1.292460000000000000e+08
9.784172661870452758e-01 1.292520000000000000e+08
9.802158273381244014e-01 1.292550000000000000e+08
9.820143884892035269e-01 1.292620000000000000e+08
9.838129496402826524e-01 1.292640000000000000e+08
9.856115107913617779e-01 1.292720000000000000e+08
9.874100719424409034e-01 1.292740000000000000e+08
9.892086330935200289e-01 1.292820000000000000e+08
9.910071942445991544e-01 1.292840000000000000e+08
9.928057553956782799e-01 1.292910000000000000e+08
9.946043165467574054e-01 1.292940000000000000e+08
9.964028776978365309e-01 1.293020000000000000e+08
9.982014388489156564e-01 1.293060000000000000e+08
9.999999999999947820e-01 1.293120000000000000e+08
1.001798561151074018e+00 1.293160000000000000e+08
1.003597122302153144e+00 1.293210000000000000e+08
1.005395683453232269e+00 1.293250000000000000e+08
1.007194244604311395e+00 1.293300000000000000e+08
1.008992805755390521e+00 1.293340000000000000e+08
1.010791366906469646e+00 1.293400000000000000e+08
1.012589928057548772e+00 1.293430000000000000e+08
1.014388489208627897e+00 1.293500000000000000e+08
1.016187050359707023e+00 1.293540000000000000e+08
1.017985611510786148e+00 1.293590000000000000e+08
1.019784172661865274e+00 1.293640000000000000e+08
1.021582733812944399e+00 1.293710000000000000e+08
1.023381294964023525e+00 1.293750000000000000e+08
1.025179856115102650e+00 1.293820000000000000e+08
1.026978417266181776e+00 1.293850000000000000e+08
1.028776978417260901e+00 1.293930000000000000e+08
1.030575539568340027e+00 1.293950000000000000e+08
1.032374100719419152e+00 1.294030000000000000e+08
1.034172661870498278e+00 1.294040000000000000e+08
1.035971223021577403e+00 1.294100000000000000e+08
1.037769784172656529e+00 1.294120000000000000e+08
1.039568345323735654e+00 1.294190000000000000e+08
1.041366906474814780e+00 1.294220000000000000e+08
1.043165467625893905e+00 1.294280000000000000e+08
1.044964028776973031e+00 1.294310000000000000e+08
1.046762589928052156e+00 1.294390000000000000e+08
1.048561151079131282e+00 1.294440000000000000e+08
1.050359712230210407e+00 1.294490000000000000e+08
1.052158273381289533e+00 1.294540000000000000e+08
1.053956834532368658e+00 1.294590000000000000e+08
1.055755395683447784e+00 1.294660000000000000e+08
1.057553956834526909e+00 1.294700000000000000e+08
1.059352517985606035e+00 1.294780000000000000e+08
1.061151079136685160e+00 1.294820000000000000e+08
1.062949640287764286e+00 1.294900000000000000e+08
1.064748201438843411e+00 1.294920000000000000e+08
1.066546762589922537e+00 1.295000000000000000e+08
1.068345323741001662e+00 1.295020000000000000e+08
1.070143884892080788e+00 1.295110000000000000e+08
1.071942446043159913e+00 1.295140000000000000e+08
1.073741007194239039e+00 1.295190000000000000e+08
1.075539568345318164e+00 1.295240000000000000e+08
1.077338129496397290e+00 1.295290000000000000e+08
1.079136690647476415e+00 1.295340000000000000e+08
1.080935251798555541e+00 1.295400000000000000e+08
1.082733812949634666e+00 1.295460000000000000e+08
1.084532374100713792e+00 1.295500000000000000e+08
1.086330935251792917e+00 1.295570000000000000e+08
1.088129496402872043e+00 1.295610000000000000e+08
1.089928057553951168e+00 1.295680000000000000e+08
1.091726618705030294e+00 1.295710000000000000e+08
1.093525179856109419e+00 1.295790000000000000e+08
1.095323741007188545e+00 1.295820000000000000e+08
1.097122302158267670e+00 1.295870000000000000e+08
1.098920863309346796e+00 1.295910000000000000e+08
1.100719424460425921e+00 1.295980000000000000e+08
1.102517985611505047e+00 1.296010000000000000e+08
1.104316546762584172e+00 1.296080000000000000e+08
1.106115107913663298e+00 1.296110000000000000e+08
1.107913669064742423e+00 1.296170000000000000e+08
1.109712230215821549e+00 1.296210000000000000e+08
1.111510791366900675e+00 1.296270000000000000e+08
1.113309352517979800e+00 1.296310000000000000e+08
1.115107913669058926e+00 1.296360000000000000e+08
1.116906474820138051e+00 1.296390000000000000e+08
1.118705035971217177e+00 1.296450000000000000e+08
1.120503597122296302e+00 1.296500000000000000e+08
1.122302158273375428e+00 1.296560000000000000e+08
1.124100719424454553e+00 1.296590000000000000e+08
1.125899280575533679e+00 1.296650000000000000e+08
1.127697841726612804e+00 1.296660000000000000e+08
1.129496402877691930e+00 1.296720000000000000e+08
1.131294964028771055e+00 1.296750000000000000e+08
1.133093525179850181e+00 1.296820000000000000e+08
1.134892086330929306e+00 1.296860000000000000e+08
1.136690647482008432e+00 1.296910000000000000e+08
1.138489208633087557e+00 1.296960000000000000e+08
1.140287769784166683e+00 1.297010000000000000e+08
1.142086330935245808e+00 1.297060000000000000e+08
1.143884892086324934e+00 1.297130000000000000e+08
1.145683453237404059e+00 1.297170000000000000e+08
1.147482014388483185e+00 1.297250000000000000e+08
1.149280575539562310e+00 1.297290000000000000e+08
1.151079136690641436e+00 1.297350000000000000e+08
1.152877697841720561e+00 1.297400000000000000e+08
1.154676258992799687e+00 1.297470000000000000e+08
1.156474820143878812e+00 1.297500000000000000e+08
1.158273381294957938e+00 1.297560000000000000e+08
1.160071942446037063e+00 1.297610000000000000e+08
1.161870503597116189e+00 1.297640000000000000e+08
1.163669064748195314e+00 1.297690000000000000e+08
1.165467625899274440e+00 1.297730000000000000e+08
1.167266187050353565e+00 1.297790000000000000e+08
1.169064748201432691e+00 1.297830000000000000e+08
1.170863309352511816e+00 1.297920000000000000e+08
1.172661870503590942e+00 1.297950000000000000e+08
1.174460431654670067e+00 1.298030000000000000e+08
1.176258992805749193e+00 1.298060000000000000e+08
1.178057553956828318e+00 1.298140000000000000e+08
1.179856115107907444e+00 1.298170000000000000e+08
1.181654676258986569e+00 1.298260000000000000e+08
1.183453237410065695e+00 1.298270000000000000e+08
1.185251798561144820e+00 1.298340000000000000e+08
1.187050359712223946e+00 1.298370000000000000e+08
1.188848920863303071e+00 1.298450000000000000e+08
1.190647482014382197e+00 1.298460000000000000e+08
1.192446043165461322e+00 1.298550000000000000e+08
1.194244604316540448e+00 1.298570000000000000e+08
1.196043165467619573e+00 1.298640000000000000e+08
1.197841726618698699e+00 1.298670000000000000e+08
1.199640287769777824e+00 1.298730000000000000e+08
1.201438848920856950e+00 1.298760000000000000e+08
1.203237410071936075e+00 1.298830000000000000e+08
1.205035971223015201e+00 1.298850000000000000e+08
1.206834532374094326e+00 1.298910000000000000e+08
1.208633093525173452e+00 1.298950000000000000e+08
1.210431654676252577e+00 1.299010000000000000e+08
1.212230215827331703e+00 1.299050000000000000e+08
1.214028776978410828e+00 1.299120000000000000e+08
1.215827338129489954e+00 1.299150000000000000e+08
1.217625899280569080e+00 1.299230000000000000e+08
1.219424460431648205e+00 1.299260000000000000e+08
1.221223021582727331e+00 1.299320000000000000e+08
1.223021582733806456e+00 1.299360000000000000e+08
1.224820143884885582e+00 1.299440000000000000e+08
1.226618705035964707e+00 1.299470000000000000e+08
1.228417266187043833e+00 1.299540000000000000e+08
1.230215827338122958e+00 1.299570000000000000e+08
1.232014388489202084e+00 1.299650000000000000e+08
1.233812949640281209e+00 1.299680000000000000e+08
1.235611510791360335e+00 1.299750000000000000e+08
1.237410071942439460e+00 1.299780000000000000e+08
1.239208633093518586e+00 1.299870000000000000e+08
1.241007194244597711e+00 1.299910000000000000e+08
1.242805755395676837e+00 1.299970000000000000e+08
1.244604316546755962e+00 1.300020000000000000e+08
1.246402877697835088e+00 1.300080000000000000e+08
1.248201438848914213e+00 1.300140000000000000e+08
1.249999999999993339e+00 1.300180000000000000e+08
1.251798561151072464e+00 1.300270000000000000e+08
1.253597122302151590e+00 1.300280000000000000e+08
1.255395683453230715e+00 1.300350000000000000e+08
1.257194244604309841e+00 1.300380000000000000e+08
1.258992805755388966e+00 1.300430000000000000e+08
1.260791366906468092e+00 1.300480000000000000e+08
1.262589928057547217e+00 1.300530000000000000e+08
1.264388489208626343e+00 1.300580000000000000e+08
1.266187050359705468e+00 1.300630000000000000e+08
1.267985611510784594e+00 1.300680000000000000e+08
1.269784172661863719e+00 1.300740000000000000e+08
1.271582733812942845e+00 1.300790000000000000e+08
1.273381294964021970e+00 1.300850000000000000e+08
1.275179856115101096e+00 1.300890000000000000e+08
1.276978417266180221e+00 1.300950000000000000e+08
1.278776978417259347e+00 1.300980000000000000e+08
1.280575539568338472e+00 1.301010000000000000e+08
1.282374100719417598e+00 1.301050000000000000e+08
1.284172661870496723e+00 1.301110000000000000e+08
1.285971223021575849e+00 1.301140000000000000e+08
1.287769784172654974e+00 1.301200000000000000e+08
1.289568345323734100e+00 1.301250000000000000e+08
1.291366906474813225e+00 1.301310000000000000e+08
1.293165467625892351e+00 1.301350000000000000e+08
1.294964028776971476e+00 1.301420000000000000e+08
1.296762589928050602e+00 1.301450000000000000e+08
1.298561151079129727e+00 1.301500000000000000e+08
1.300359712230208853e+00 1.301540000000000000e+08
1.302158273381287978e+00 1.301600000000000000e+08
1.303956834532367104e+00 1.301650000000000000e+08
1.305755395683446229e+00 1.301700000000000000e+08
1.307553956834525355e+00 1.301760000000000000e+08
1.309352517985604480e+00 1.301790000000000000e+08
1.311151079136683606e+00 1.301840000000000000e+08
1.312949640287762731e+00 1.301880000000000000e+08
1.314748201438841857e+00 1.301940000000000000e+08
1.316546762589920982e+00 1.301990000000000000e+08
1.318345323741000108e+00 1.302040000000000000e+08
1.320143884892079233e+00 1.302100000000000000e+08
1.321942446043158359e+00 1.302120000000000000e+08
1.323741007194237485e+00 1.302200000000000000e+08
1.325539568345316610e+00 1.302230000000000000e+08
1.327338129496395736e+00 1.302310000000000000e+08
1.329136690647474861e+00 1.302340000000000000e+08
1.330935251798553987e+00 1.302420000000000000e+08
1.332733812949633112e+00 1.302450000000000000e+08
1.334532374100712238e+00 1.302540000000000000e+08
1.336330935251791363e+00 1.302590000000000000e+08
1.338129496402870489e+00 1.302650000000000000e+08
1.339928057553949614e+00 1.302710000000000000e+08
1.341726618705028740e+00 1.302770000000000000e+08
1.343525179856107865e+00 1.302800000000000000e+08
1.345323741007186991e+00 1.302870000000000000e+08
1.347122302158266116e+00 1.302900000000000000e+08
1.348920863309345242e+00 1.302960000000000000e+08
1.350719424460424367e+00 1.302990000000000000e+08
1.352517985611503493e+00 1.303060000000000000e+08
1.354316546762582618e+00 1.303100000000000000e+08
1.356115107913661744e+00 1.303160000000000000e+08
1.357913669064740869e+00 1.303190000000000000e+08
1.359712230215819995e+00 1.303270000000000000e+08
1.361510791366899120e+00 1.303290000000000000e+08
1.363309352517978246e+00 1.303360000000000000e+08
1.365107913669057371e+00 1.303390000000000000e+08
1.366906474820136497e+00 1.303460000000000000e+08
1.368705035971215622e+00 1.303480000000000000e+08
1.370503597122294748e+00 1.303550000000000000e+08
1.372302158273373873e+00 1.303600000000000000e+08
1.374100719424452999e+00 1.303650000000000000e+08
1.375899280575532124e+00 1.303710000000000000e+08
1.377697841726611250e+00 1.303750000000000000e+08
1.379496402877690375e+00 1.303800000000000000e+08
1.381294964028769501e+00 1.303850000000000000e+08
1.383093525179848626e+00 1.303890000000000000e+08
1.384892086330927752e+00 1.303940000000000000e+08
1.386690647482006877e+00 1.304000000000000000e+08
1.388489208633086003e+00 1.304060000000000000e+08
1.390287769784165128e+00 1.304100000000000000e+08
1.392086330935244254e+00 1.304160000000000000e+08
1.393884892086323379e+00 1.304190000000000000e+08
1.395683453237402505e+00 1.304260000000000000e+08
1.397482014388481630e+00 1.304300000000000000e+08
1.399280575539560756e+00 1.304360000000000000e+08
1.401079136690639881e+00 1.304410000000000000e+08
1.402877697841719007e+00 1.304470000000000000e+08
1.404676258992798132e+00 1.304500000000000000e+08
1.406474820143877258e+00 1.304560000000000000e+08
1.408273381294956383e+00 1.304590000000000000e+08
1.410071942446035509e+00 1.304650000000000000e+08
1.411870503597114634e+00 1.304680000000000000e+08
1.413669064748193760e+00 1.304750000000000000e+08
1.415467625899272885e+00 1.304790000000000000e+08
1.417266187050352011e+00 1.304840000000000000e+08
1.419064748201431136e+00 1.304900000000000000e+08
1.420863309352510262e+00 1.304940000000000000e+08
1.422661870503589387e+00 1.305000000000000000e+08
1.424460431654668513e+00 1.305050000000000000e+08
1.426258992805747638e+00 1.305110000000000000e+08
1.428057553956826764e+00 1.305150000000000000e+08
1.429856115107905890e+00 1.305210000000000000e+08
1.431654676258985015e+00 1.305260000000000000e+08
1.433453237410064141e+00 1.305310000000000000e+08
1.435251798561143266e+00 1.305370000000000000e+08
1.437050359712222392e+00 1.305420000000000000e+08
1.438848920863301517e+00 1.305490000000000000e+08
1.440647482014380643e+00 1.305540000000000000e+08
1.442446043165459768e+00 1.305600000000000000e+08
1.444244604316538894e+00 1.305640000000000000e+08
1.446043165467618019e+00 1.305690000000000000e+08
1.447841726618697145e+00 1.305740000000000000e+08
1.449640287769776270e+00 1.305790000000000000e+08
1.451438848920855396e+00 1.305820000000000000e+08
1.453237410071934521e+00 1.305900000000000000e+08
1.455035971223013647e+00 1.305920000000000000e+08
1.456834532374092772e+00 1.306000000000000000e+08
1.458633093525171898e+00 1.306010000000000000e+08
1.460431654676251023e+00 1.306090000000000000e+08
1.462230215827330149e+00 1.306110000000000000e+08
1.464028776978409274e+00 1.306170000000000000e+08
1.465827338129488400e+00 1.306200000000000000e+08
1.467625899280567525e+00 1.306270000000000000e+08
1.469424460431646651e+00 1.306290000000000000e+08
1.471223021582725776e+00 1.306380000000000000e+08
1.473021582733804902e+00 1.306420000000000000e+08
1.474820143884884027e+00 1.306520000000000000e+08
1.476618705035963153e+00 1.306550000000000000e+08
1.478417266187042278e+00 1.306640000000000000e+08
1.480215827338121404e+00 1.306660000000000000e+08
1.482014388489200529e+00 1.306740000000000000e+08
1.483812949640279655e+00 1.306750000000000000e+08
1.485611510791358780e+00 1.306850000000000000e+08
1.487410071942437906e+00 1.306870000000000000e+08
1.489208633093517031e+00 1.306940000000000000e+08
1.491007194244596157e+00 1.306960000000000000e+08
1.492805755395675282e+00 1.307060000000000000e+08
1.494604316546754408e+00 1.307070000000000000e+08
1.496402877697833533e+00 1.307130000000000000e+08
1.498201438848912659e+00 1.307150000000000000e+08
1.499999999999991784e+00 1.307220000000000000e+08
1.501798561151070910e+00 1.307250000000000000e+08
1.503597122302150035e+00 1.307320000000000000e+08
1.505395683453229161e+00 1.307360000000000000e+08
1.507194244604308286e+00 1.307400000000000000e+08
1.508992805755387412e+00 1.307470000000000000e+08
1.510791366906466537e+00 1.307510000000000000e+08
1.512589928057545663e+00 1.307580000000000000e+08
1.514388489208624788e+00 1.307610000000000000e+08
1.516187050359703914e+00 1.307680000000000000e+08
1.517985611510783039e+00 1.307730000000000000e+08
1.519784172661862165e+00 1.307780000000000000e+08
1.521582733812941290e+00 1.307830000000000000e+08
1.523381294964020416e+00 1.307870000000000000e+08
1.525179856115099541e+00 1.307930000000000000e+08
1.526978417266178667e+00 1.307960000000000000e+08
1.528776978417257792e+00 1.308020000000000000e+08
1.530575539568336918e+00 1.308050000000000000e+08
1.532374100719416044e+00 1.308110000000000000e+08
1.534172661870495169e+00 1.308150000000000000e+08
1.535971223021574295e+00 1.308210000000000000e+08
1.537769784172653420e+00 1.308260000000000000e+08
1.539568345323732546e+00 1.308310000000000000e+08
1.541366906474811671e+00 1.308370000000000000e+08
1.543165467625890797e+00 1.308420000000000000e+08
1.544964028776969922e+00 1.308480000000000000e+08
1.546762589928049048e+00 1.308530000000000000e+08
1.548561151079128173e+00 1.308590000000000000e+08
1.550359712230207299e+00 1.308630000000000000e+08
1.552158273381286424e+00 1.308700000000000000e+08
1.553956834532365550e+00 1.308740000000000000e+08
1.555755395683444675e+00 1.308810000000000000e+08
1.557553956834523801e+00 1.308880000000000000e+08
1.559352517985602926e+00 1.308940000000000000e+08
1.561151079136682052e+00 1.308990000000000000e+08
1.562949640287761177e+00 1.309040000000000000e+08
1.564748201438840303e+00 1.309100000000000000e+08
1.566546762589919428e+00 1.309130000000000000e+08
1.568345323740998554e+00 1.309210000000000000e+08
1.570143884892077679e+00 1.309230000000000000e+08
1.571942446043156805e+00 1.309310000000000000e+08
1.573741007194235930e+00 1.309330000000000000e+08
1.575539568345315056e+00 1.309410000000000000e+08
1.577338129496394181e+00 1.309430000000000000e+08
1.579136690647473307e+00 1.309520000000000000e+08
1.580935251798552432e+00 1.309540000000000000e+08
1.582733812949631558e+00 1.309620000000000000e+08
1.584532374100710683e+00 1.309630000000000000e+08
1.586330935251789809e+00 1.309700000000000000e+08
1.588129496402868934e+00 1.309730000000000000e+08
1.589928057553948060e+00 1.309790000000000000e+08
1.591726618705027185e+00 1.309810000000000000e+08
1.593525179856106311e+00 1.309880000000000000e+08
1.595323741007185436e+00 1.309920000000000000e+08
1.597122302158264562e+00 1.309990000000000000e+08
1.598920863309343687e+00 1.310010000000000000e+08
1.600719424460422813e+00 1.310080000000000000e+08
1.602517985611501938e+00 1.310110000000000000e+08
1.604316546762581064e+00 1.310180000000000000e+08
1.606115107913660189e+00 1.310200000000000000e+08
1.607913669064739315e+00 1.310280000000000000e+08
1.609712230215818440e+00 1.310300000000000000e+08
1.611510791366897566e+00 1.310380000000000000e+08
1.613309352517976691e+00 1.310410000000000000e+08
1.615107913669055817e+00 1.310500000000000000e+08
1.616906474820134942e+00 1.310550000000000000e+08
1.618705035971214068e+00 1.310600000000000000e+08
1.620503597122293193e+00 1.310670000000000000e+08
1.622302158273372319e+00 1.310720000000000000e+08
1.624100719424451444e+00 1.310760000000000000e+08
1.625899280575530570e+00 1.310820000000000000e+08
1.627697841726609695e+00 1.310870000000000000e+08
1.629496402877688821e+00 1.310920000000000000e+08
1.631294964028767946e+00 1.310980000000000000e+08
1.633093525179847072e+00 1.311020000000000000e+08
1.634892086330926197e+00 1.311090000000000000e+08
1.636690647482005323e+00 1.311130000000000000e+08
1.638489208633084449e+00 1.311190000000000000e+08
1.640287769784163574e+00 1.311240000000000000e+08
1.642086330935242700e+00 1.311290000000000000e+08
1.643884892086321825e+00 1.311330000000000000e+08
1.645683453237400951e+00 1.311380000000000000e+08
1.647482014388480076e+00 1.311440000000000000e+08
1.649280575539559202e+00 1.311470000000000000e+08
1.651079136690638327e+00 1.311520000000000000e+08
1.652877697841717453e+00 1.311580000000000000e+08
1.654676258992796578e+00 1.311630000000000000e+08
1.656474820143875704e+00 1.311690000000000000e+08
1.658273381294954829e+00 1.311750000000000000e+08
1.660071942446033955e+00 1.311790000000000000e+08
1.661870503597113080e+00 1.311840000000000000e+08
1.663669064748192206e+00 1.311880000000000000e+08
1.665467625899271331e+00 1.311940000000000000e+08
1.667266187050350457e+00 1.311980000000000000e+08
1.669064748201429582e+00 1.312040000000000000e+08
1.670863309352508708e+00 1.312070000000000000e+08
1.672661870503587833e+00 1.312140000000000000e+08
1.674460431654666959e+00 1.312180000000000000e+08
1.676258992805746084e+00 1.312250000000000000e+08
1.678057553956825210e+00 1.312300000000000000e+08
1.679856115107904335e+00 1.312350000000000000e+08
1.681654676258983461e+00 1.312400000000000000e+08
1.683453237410062586e+00 1.312430000000000000e+08
1.685251798561141712e+00 1.312510000000000000e+08
1.687050359712220837e+00 1.312530000000000000e+08
1.688848920863299963e+00 1.312600000000000000e+08
1.690647482014379088e+00 1.312630000000000000e+08
1.692446043165458214e+00 1.312720000000000000e+08
1.694244604316537339e+00 1.312730000000000000e+08
1.696043165467616465e+00 1.312800000000000000e+08
1.697841726618695590e+00 1.312830000000000000e+08
1.699640287769774716e+00 1.312880000000000000e+08
1.701438848920853841e+00 1.312910000000000000e+08
1.703237410071932967e+00 1.312960000000000000e+08
1.705035971223012092e+00 1.313000000000000000e+08
1.706834532374091218e+00 1.313050000000000000e+08
1.708633093525170343e+00 1.313100000000000000e+08
1.710431654676249469e+00 1.313160000000000000e+08
1.712230215827328594e+00 1.313210000000000000e+08
1.714028776978407720e+00 1.313270000000000000e+08
1.715827338129486845e+00 1.313320000000000000e+08
1.717625899280565971e+00 1.313380000000000000e+08
1.719424460431645096e+00 1.313440000000000000e+08
1.721223021582724222e+00 1.313500000000000000e+08
1.723021582733803347e+00 1.313550000000000000e+08
1.724820143884882473e+00 1.313600000000000000e+08
1.726618705035961598e+00 1.313630000000000000e+08
1.728417266187040724e+00 1.313690000000000000e+08
1.730215827338119849e+00 1.313730000000000000e+08
1.732014388489198975e+00 1.313800000000000000e+08
1.733812949640278100e+00 1.313850000000000000e+08
1.735611510791357226e+00 1.313930000000000000e+08
1.737410071942436351e+00 1.313970000000000000e+08
1.739208633093515477e+00 1.314050000000000000e+08
1.741007194244594602e+00 1.314090000000000000e+08
1.742805755395673728e+00 1.314170000000000000e+08
1.744604316546752854e+00 1.314220000000000000e+08
1.746402877697831979e+00 1.314260000000000000e+08
1.748201438848911105e+00 1.314330000000000000e+08
1.749999999999990230e+00 1.314390000000000000e+08
1.751798561151069356e+00 1.314460000000000000e+08
1.753597122302148481e+00 1.314500000000000000e+08
1.755395683453227607e+00 1.314560000000000000e+08
1.757194244604306732e+00 1.314610000000000000e+08
1.758992805755385858e+00 1.314640000000000000e+08
1.760791366906464983e+00 1.314710000000000000e+08
1.762589928057544109e+00 1.314760000000000000e+08
1.764388489208623234e+00 1.314810000000000000e+08
1.766187050359702360e+00 1.314850000000000000e+08
1.767985611510781485e+00 1.314920000000000000e+08
1.769784172661860611e+00 1.314950000000000000e+08
1.771582733812939736e+00 1.315010000000000000e+08
1.773381294964018862e+00 1.315060000000000000e+08
1.775179856115097987e+00 1.315110000000000000e+08
1.776978417266177113e+00 1.315150000000000000e+08
1.778776978417256238e+00 1.315190000000000000e+08
1.780575539568335364e+00 1.315230000000000000e+08
1.782374100719414489e+00 1.315280000000000000e+08
1.784172661870493615e+00 1.315340000000000000e+08
1.785971223021572740e+00 1.315380000000000000e+08
1.787769784172651866e+00 1.315440000000000000e+08
1.789568345323730991e+00 1.315450000000000000e+08
1.791366906474810117e+00 1.315510000000000000e+08
1.793165467625889242e+00 1.315520000000000000e+08
1.794964028776968368e+00 1.315590000000000000e+08
1.796762589928047493e+00 1.315610000000000000e+08
1.798561151079126619e+00 1.315690000000000000e+08
1.800359712230205744e+00 1.315720000000000000e+08
1.802158273381284870e+00 1.315790000000000000e+08
1.803956834532363995e+00 1.315850000000000000e+08
1.805755395683443121e+00 1.315900000000000000e+08
1.807553956834522246e+00 1.315970000000000000e+08
1.809352517985601372e+00 1.316000000000000000e+08
1.811151079136680497e+00 1.316060000000000000e+08
1.812949640287759623e+00 1.316100000000000000e+08
1.814748201438838748e+00 1.316160000000000000e+08
1.816546762589917874e+00 1.316210000000000000e+08
1.818345323740996999e+00 1.316270000000000000e+08
1.820143884892076125e+00 1.316320000000000000e+08
1.821942446043155250e+00 1.316370000000000000e+08
1.823741007194234376e+00 1.316410000000000000e+08
1.825539568345313501e+00 1.316470000000000000e+08
1.827338129496392627e+00 1.316510000000000000e+08
1.829136690647471752e+00 1.316560000000000000e+08
1.830935251798550878e+00 1.316630000000000000e+08
1.832733812949630003e+00 1.316690000000000000e+08
1.834532374100709129e+00 1.316740000000000000e+08
1.836330935251788254e+00 1.316790000000000000e+08
1.838129496402867380e+00 1.316850000000000000e+08
1.839928057553946505e+00 1.316890000000000000e+08
1.841726618705025631e+00 1.316960000000000000e+08
1.843525179856104756e+00 1.316990000000000000e+08
1.845323741007183882e+00 1.317070000000000000e+08
1.847122302158263007e+00 1.317100000000000000e+08
1.848920863309342133e+00 1.317170000000000000e+08
1.850719424460421259e+00 1.317210000000000000e+08
1.852517985611500384e+00 1.317270000000000000e+08
1.854316546762579510e+00 1.317320000000000000e+08
1.856115107913658635e+00 1.317380000000000000e+08
1.857913669064737761e+00 1.317430000000000000e+08
1.859712230215816886e+00 1.317510000000000000e+08
1.861510791366896012e+00 1.317540000000000000e+08
1.863309352517975137e+00 1.317620000000000000e+08
1.865107913669054263e+00 1.317640000000000000e+08
1.866906474820133388e+00 1.317720000000000000e+08
1.868705035971212514e+00 1.317750000000000000e+08
1.870503597122291639e+00 1.317810000000000000e+08
1.872302158273370765e+00 1.317840000000000000e+08
1.874100719424449890e+00 1.317910000000000000e+08
1.875899280575529016e+00 1.317940000000000000e+08
1.877697841726608141e+00 1.318020000000000000e+08
1.879496402877687267e+00 1.318050000000000000e+08
1.881294964028766392e+00 1.318120000000000000e+08
1.883093525179845518e+00 1.318150000000000000e+08
1.884892086330924643e+00 1.318210000000000000e+08
1.886690647482003769e+00 1.318240000000000000e+08
1.888489208633082894e+00 1.318310000000000000e+08
1.890287769784162020e+00 1.318340000000000000e+08
1.892086330935241145e+00 1.318400000000000000e+08
1.893884892086320271e+00 1.318440000000000000e+08
1.895683453237399396e+00 1.318500000000000000e+08
1.897482014388478522e+00 1.318540000000000000e+08
1.899280575539557647e+00 1.318600000000000000e+08
1.901079136690636773e+00 1.318650000000000000e+08
1.902877697841715898e+00 1.318700000000000000e+08
1.904676258992795024e+00 1.318750000000000000e+08
1.906474820143874149e+00 1.318800000000000000e+08
1.908273381294953275e+00 1.318850000000000000e+08
1.910071942446032400e+00 1.318880000000000000e+08
1.911870503597111526e+00 1.318930000000000000e+08
1.913669064748190651e+00 1.318970000000000000e+08
1.915467625899269777e+00 1.319040000000000000e+08
1.917266187050348902e+00 1.319090000000000000e+08
1.919064748201428028e+00 1.319160000000000000e+08
1.920863309352507153e+00 1.319210000000000000e+08
1.922661870503586279e+00 1.319260000000000000e+08
1.924460431654665404e+00 1.319290000000000000e+08
1.926258992805744530e+00 1.319350000000000000e+08
1.928057553956823655e+00 1.319380000000000000e+08
1.929856115107902781e+00 1.319460000000000000e+08
1.931654676258981906e+00 1.319490000000000000e+08
1.933453237410061032e+00 1.319570000000000000e+08
1.935251798561140157e+00 1.319600000000000000e+08
1.937050359712219283e+00 1.319680000000000000e+08
1.938848920863298408e+00 1.319710000000000000e+08
1.940647482014377534e+00 1.319790000000000000e+08
1.942446043165456659e+00 1.319840000000000000e+08
1.944244604316535785e+00 1.319900000000000000e+08
1.946043165467614910e+00 1.319940000000000000e+08
1.947841726618694036e+00 1.320000000000000000e+08
1.949640287769773161e+00 1.320030000000000000e+08
1.951438848920852287e+00 1.320090000000000000e+08
1.953237410071931413e+00 1.320140000000000000e+08
1.955035971223010538e+00 1.320180000000000000e+08
1.956834532374089664e+00 1.320250000000000000e+08
1.958633093525168789e+00 1.320270000000000000e+08
1.960431654676247915e+00 1.320340000000000000e+08
1.962230215827327040e+00 1.320380000000000000e+08
1.964028776978406166e+00 1.320460000000000000e+08
1.965827338129485291e+00 1.320490000000000000e+08
1.967625899280564417e+00 1.320550000000000000e+08
1.969424460431643542e+00 1.320600000000000000e+08
1.971223021582722668e+00 1.320660000000000000e+08
1.973021582733801793e+00 1.320700000000000000e+08
1.974820143884880919e+00 1.320770000000000000e+08
1.976618705035960044e+00 1.320800000000000000e+08
1.978417266187039170e+00 1.320880000000000000e+08
1.980215827338118295e+00 1.320920000000000000e+08
1.982014388489197421e+00 1.320970000000000000e+08
1.983812949640276546e+00 1.321030000000000000e+08
1.985611510791355672e+00 1.321090000000000000e+08
1.987410071942434797e+00 1.321140000000000000e+08
1.989208633093513923e+00 1.321170000000000000e+08
1.991007194244593048e+00 1.321240000000000000e+08
1.992805755395672174e+00 1.321280000000000000e+08
1.994604316546751299e+00 1.321330000000000000e+08
1.996402877697830425e+00 1.321380000000000000e+08
1.998201438848909550e+00 1.321440000000000000e+08
1.999999999999988676e+00 1.321500000000000000e+08
2.001798561151067801e+00 1.321550000000000000e+08
2.003597122302147149e+00 1.321590000000000000e+08
2.005395683453226496e+00 1.321650000000000000e+08
2.007194244604305844e+00 1.321700000000000000e+08
2.008992805755385191e+00 1.321760000000000000e+08
2.010791366906464539e+00 1.321800000000000000e+08
2.012589928057543887e+00 1.321870000000000000e+08
2.014388489208623234e+00 1.321910000000000000e+08
2.016187050359702582e+00 1.321930000000000000e+08
2.017985611510781929e+00 1.322010000000000000e+08
2.019784172661861277e+00 1.322050000000000000e+08
2.021582733812940624e+00 1.322120000000000000e+08
2.023381294964019972e+00 1.322170000000000000e+08
2.025179856115099319e+00 1.322250000000000000e+08
2.026978417266178667e+00 1.322290000000000000e+08
2.028776978417258015e+00 1.322340000000000000e+08
2.030575539568337362e+00 1.322390000000000000e+08
2.032374100719416710e+00 1.322440000000000000e+08
2.034172661870496057e+00 1.322480000000000000e+08
2.035971223021575405e+00 1.322550000000000000e+08
2.037769784172654752e+00 1.322590000000000000e+08
2.039568345323734100e+00 1.322640000000000000e+08
2.041366906474813447e+00 1.322680000000000000e+08
2.043165467625892795e+00 1.322730000000000000e+08
2.044964028776972143e+00 1.322780000000000000e+08
2.046762589928051490e+00 1.322830000000000000e+08
2.048561151079130838e+00 1.322880000000000000e+08
2.050359712230210185e+00 1.322920000000000000e+08
2.052158273381289533e+00 1.322980000000000000e+08
2.053956834532368880e+00 1.323040000000000000e+08
2.055755395683448228e+00 1.323080000000000000e+08
2.057553956834527575e+00 1.323160000000000000e+08
2.059352517985606923e+00 1.323200000000000000e+08
2.061151079136686270e+00 1.323260000000000000e+08
2.062949640287765618e+00 1.323320000000000000e+08
2.064748201438844966e+00 1.323370000000000000e+08
2.066546762589924313e+00 1.323420000000000000e+08
2.068345323741003661e+00 1.323480000000000000e+08
2.070143884892083008e+00 1.323530000000000000e+08
2.071942446043162356e+00 1.323570000000000000e+08
2.073741007194241703e+00 1.323630000000000000e+08
2.075539568345321051e+00 1.323670000000000000e+08
2.077338129496400398e+00 1.323750000000000000e+08
2.079136690647479746e+00 1.323770000000000000e+08
2.080935251798559094e+00 1.323840000000000000e+08
2.082733812949638441e+00 1.323860000000000000e+08
2.084532374100717789e+00 1.323940000000000000e+08
2.086330935251797136e+00 1.323970000000000000e+08
2.088129496402876484e+00 1.324040000000000000e+08
2.089928057553955831e+00 1.324090000000000000e+08
2.091726618705035179e+00 1.324160000000000000e+08
2.093525179856114526e+00 1.324210000000000000e+08
2.095323741007193874e+00 1.324280000000000000e+08
2.097122302158273222e+00 1.324300000000000000e+08
2.098920863309352569e+00 1.324360000000000000e+08
2.100719424460431917e+00 1.324410000000000000e+08
2.102517985611511264e+00 1.324470000000000000e+08
2.104316546762590612e+00 1.324530000000000000e+08
2.106115107913669959e+00 1.324580000000000000e+08
2.107913669064749307e+00 1.324640000000000000e+08
2.109712230215828654e+00 1.324680000000000000e+08
2.111510791366908002e+00 1.324730000000000000e+08
2.113309352517987350e+00 1.324760000000000000e+08
2.115107913669066697e+00 1.324830000000000000e+08
2.116906474820146045e+00 1.324880000000000000e+08
2.118705035971225392e+00 1.324950000000000000e+08
2.120503597122304740e+00 1.324980000000000000e+08
2.122302158273384087e+00 1.325050000000000000e+08
2.124100719424463435e+00 1.325090000000000000e+08
2.125899280575542782e+00 1.325130000000000000e+08
2.127697841726622130e+00 1.325190000000000000e+08
2.129496402877701478e+00 1.325210000000000000e+08
2.131294964028780825e+00 1.325290000000000000e+08
2.133093525179860173e+00 1.325310000000000000e+08
2.134892086330939520e+00 1.325370000000000000e+08
2.136690647482018868e+00 1.325410000000000000e+08
2.138489208633098215e+00 1.325490000000000000e+08
2.140287769784177563e+00 1.325500000000000000e+08
2.142086330935256910e+00 1.325560000000000000e+08
2.143884892086336258e+00 1.325590000000000000e+08
2.145683453237415605e+00 1.325650000000000000e+08
2.147482014388494953e+00 1.325680000000000000e+08
2.149280575539574301e+00 1.325740000000000000e+08
2.151079136690653648e+00 1.325790000000000000e+08
2.152877697841732996e+00 1.325850000000000000e+08
2.154676258992812343e+00 1.325920000000000000e+08
2.156474820143891691e+00 1.325970000000000000e+08
2.158273381294971038e+00 1.326030000000000000e+08
2.160071942446050386e+00 1.326080000000000000e+08
2.161870503597129733e+00 1.326110000000000000e+08
2.163669064748209081e+00 1.326180000000000000e+08
2.165467625899288429e+00 1.326230000000000000e+08
2.167266187050367776e+00 1.326290000000000000e+08
2.169064748201447124e+00 1.326340000000000000e+08
2.170863309352526471e+00 1.326400000000000000e+08
2.172661870503605819e+00 1.326440000000000000e+08
2.174460431654685166e+00 1.326500000000000000e+08
2.176258992805764514e+00 1.326550000000000000e+08
2.178057553956843861e+00 1.326620000000000000e+08
2.179856115107923209e+00 1.326670000000000000e+08
2.181654676259002557e+00 1.326750000000000000e+08
2.183453237410081904e+00 1.326770000000000000e+08
2.185251798561161252e+00 1.326840000000000000e+08
2.187050359712240599e+00 1.326850000000000000e+08
2.188848920863319947e+00 1.326930000000000000e+08
2.190647482014399294e+00 1.326960000000000000e+08
2.192446043165478642e+00 1.327060000000000000e+08
2.194244604316557989e+00 1.327080000000000000e+08
2.196043165467637337e+00 1.327150000000000000e+08
2.197841726618716685e+00 1.327180000000000000e+08
2.199640287769796032e+00 1.327260000000000000e+08
2.201438848920875380e+00 1.327290000000000000e+08
2.203237410071954727e+00 1.327370000000000000e+08
2.205035971223034075e+00 1.327400000000000000e+08
2.206834532374113422e+00 1.327460000000000000e+08
2.208633093525192770e+00 1.327490000000000000e+08
2.210431654676272117e+00 1.327560000000000000e+08
2.212230215827351465e+00 1.327600000000000000e+08
2.214028776978430813e+00 1.327660000000000000e+08
2.215827338129510160e+00 1.327700000000000000e+08
2.217625899280589508e+00 1.327770000000000000e+08
2.219424460431668855e+00 1.327810000000000000e+08
2.221223021582748203e+00 1.327870000000000000e+08
2.223021582733827550e+00 1.327910000000000000e+08
2.224820143884906898e+00 1.327980000000000000e+08
2.226618705035986245e+00 1.328020000000000000e+08
2.228417266187065593e+00 1.328090000000000000e+08
2.230215827338144940e+00 1.328130000000000000e+08
2.232014388489224288e+00 1.328190000000000000e+08
2.233812949640303636e+00 1.328230000000000000e+08
2.235611510791382983e+00 1.328300000000000000e+08
2.237410071942462331e+00 1.328340000000000000e+08
2.239208633093541678e+00 1.328400000000000000e+08
2.241007194244621026e+00 1.328450000000000000e+08
2.242805755395700373e+00 1.328480000000000000e+08
2.244604316546779721e+00 1.328540000000000000e+08
2.246402877697859068e+00 1.328590000000000000e+08
2.248201438848938416e+00 1.328640000000000000e+08
2.250000000000017764e+00 1.328690000000000000e+08
2.251798561151097111e+00 1.328750000000000000e+08
2.253597122302176459e+00 1.328810000000000000e+08
2.255395683453255806e+00 1.328860000000000000e+08
2.257194244604335154e+00 1.328930000000000000e+08
2.258992805755414501e+00 1.328970000000000000e+08
2.260791366906493849e+00 1.329030000000000000e+08
2.262589928057573196e+00 1.329080000000000000e+08
2.264388489208652544e+00 1.329140000000000000e+08
2.266187050359731892e+00 1.329190000000000000e+08
2.267985611510811239e+00 1.329250000000000000e+08
2.269784172661890587e+00 1.329300000000000000e+08
2.271582733812969934e+00 1.329350000000000000e+08
2.273381294964049282e+00 1.329410000000000000e+08
2.275179856115128629e+00 1.329450000000000000e+08
2.276978417266207977e+00 1.329500000000000000e+08
2.278776978417287324e+00 1.329530000000000000e+08
2.280575539568366672e+00 1.329610000000000000e+08
2.282374100719446020e+00 1.329630000000000000e+08
2.284172661870525367e+00 1.329720000000000000e+08
2.285971223021604715e+00 1.329730000000000000e+08
2.287769784172684062e+00 1.329810000000000000e+08
2.289568345323763410e+00 1.329820000000000000e+08
2.291366906474842757e+00 1.329880000000000000e+08
2.293165467625922105e+00 1.329900000000000000e+08
2.294964028777001452e+00 1.329970000000000000e+08
2.296762589928080800e+00 1.330000000000000000e+08
2.298561151079160148e+00 1.330070000000000000e+08
2.300359712230239495e+00 1.330110000000000000e+08
2.302158273381318843e+00 1.330160000000000000e+08
2.303956834532398190e+00 1.330220000000000000e+08
2.305755395683477538e+00 1.330270000000000000e+08
2.307553956834556885e+00 1.330330000000000000e+08
2.309352517985636233e+00 1.330380000000000000e+08
2.311151079136715580e+00 1.330420000000000000e+08
2.312949640287794928e+00 1.330470000000000000e+08
2.314748201438874275e+00 1.330530000000000000e+08
2.316546762589953623e+00 1.330580000000000000e+08
2.318345323741032971e+00 1.330650000000000000e+08
2.320143884892112318e+00 1.330690000000000000e+08
2.321942446043191666e+00 1.330740000000000000e+08
2.323741007194271013e+00 1.330790000000000000e+08
2.325539568345350361e+00 1.330850000000000000e+08
2.327338129496429708e+00 1.330900000000000000e+08
2.329136690647509056e+00 1.330970000000000000e+08
2.330935251798588403e+00 1.331000000000000000e+08
2.332733812949667751e+00 1.331080000000000000e+08
2.334532374100747099e+00 1.331110000000000000e+08
2.336330935251826446e+00 1.331200000000000000e+08
2.338129496402905794e+00 1.331230000000000000e+08
2.339928057553985141e+00 1.331330000000000000e+08
2.341726618705064489e+00 1.331360000000000000e+08
2.343525179856143836e+00 1.331450000000000000e+08
2.345323741007223184e+00 1.331460000000000000e+08
2.347122302158302531e+00 1.331550000000000000e+08
2.348920863309381879e+00 1.331580000000000000e+08
2.350719424460461227e+00 1.331650000000000000e+08
2.352517985611540574e+00 1.331680000000000000e+08
2.354316546762619922e+00 1.331750000000000000e+08
2.356115107913699269e+00 1.331780000000000000e+08
2.357913669064778617e+00 1.331850000000000000e+08
2.359712230215857964e+00 1.331880000000000000e+08
2.361510791366937312e+00 1.331950000000000000e+08
2.363309352518016659e+00 1.331970000000000000e+08
2.365107913669096007e+00 1.332030000000000000e+08
2.366906474820175355e+00 1.332040000000000000e+08
2.368705035971254702e+00 1.332100000000000000e+08
2.370503597122334050e+00 1.332130000000000000e+08
2.372302158273413397e+00 1.332190000000000000e+08
2.374100719424492745e+00 1.332240000000000000e+08
2.375899280575572092e+00 1.332290000000000000e+08
2.377697841726651440e+00 1.332350000000000000e+08
2.379496402877730787e+00 1.332380000000000000e+08
2.381294964028810135e+00 1.332450000000000000e+08
2.383093525179889483e+00 1.332490000000000000e+08
2.384892086330968830e+00 1.332550000000000000e+08
2.386690647482048178e+00 1.332580000000000000e+08
2.388489208633127525e+00 1.332660000000000000e+08
2.390287769784206873e+00 1.332700000000000000e+08
2.392086330935286220e+00 1.332770000000000000e+08
2.393884892086365568e+00 1.332800000000000000e+08
2.395683453237444915e+00 1.332870000000000000e+08
2.397482014388524263e+00 1.332920000000000000e+08
2.399280575539603610e+00 1.332980000000000000e+08
2.401079136690682958e+00 1.333020000000000000e+08
2.402877697841762306e+00 1.333070000000000000e+08
2.404676258992841653e+00 1.333120000000000000e+08
2.406474820143921001e+00 1.333170000000000000e+08
2.408273381295000348e+00 1.333220000000000000e+08
2.410071942446079696e+00 1.333290000000000000e+08
2.411870503597159043e+00 1.333340000000000000e+08
2.413669064748238391e+00 1.333420000000000000e+08
2.415467625899317738e+00 1.333470000000000000e+08
2.417266187050397086e+00 1.333520000000000000e+08
2.419064748201476434e+00 1.333580000000000000e+08
2.420863309352555781e+00 1.333610000000000000e+08
2.422661870503635129e+00 1.333680000000000000e+08
2.424460431654714476e+00 1.333720000000000000e+08
2.426258992805793824e+00 1.333780000000000000e+08
2.428057553956873171e+00 1.333820000000000000e+08
2.429856115107952519e+00 1.333900000000000000e+08
2.431654676259031866e+00 1.333920000000000000e+08
2.433453237410111214e+00 1.334010000000000000e+08
2.435251798561190562e+00 1.334010000000000000e+08
2.437050359712269909e+00 1.334110000000000000e+08
2.438848920863349257e+00 1.334120000000000000e+08
2.440647482014428604e+00 1.334220000000000000e+08
2.442446043165507952e+00 1.334230000000000000e+08
2.444244604316587299e+00 1.334320000000000000e+08
2.446043165467666647e+00 1.334330000000000000e+08
2.447841726618745994e+00 1.334420000000000000e+08
2.449640287769825342e+00 1.334420000000000000e+08
2.451438848920904690e+00 1.334550000000000000e+08
2.453237410071984037e+00 1.334520000000000000e+08
2.455035971223063385e+00 1.334640000000000000e+08
2.456834532374142732e+00 1.334640000000000000e+08
2.458633093525222080e+00 1.334740000000000000e+08
2.460431654676301427e+00 1.334760000000000000e+08
2.462230215827380775e+00 1.334860000000000000e+08
2.464028776978460122e+00 1.334890000000000000e+08
2.465827338129539470e+00 1.334970000000000000e+08
2.467625899280618817e+00 1.335010000000000000e+08
2.469424460431698165e+00 1.335040000000000000e+08
2.471223021582777513e+00 1.335100000000000000e+08
2.473021582733856860e+00 1.335150000000000000e+08
2.474820143884936208e+00 1.335210000000000000e+08
2.476618705036015555e+00 1.335260000000000000e+08
2.478417266187094903e+00 1.335300000000000000e+08
2.480215827338174250e+00 1.335320000000000000e+08
2.482014388489253598e+00 1.335380000000000000e+08
2.483812949640332945e+00 1.335420000000000000e+08
2.485611510791412293e+00 1.335500000000000000e+08
2.487410071942491641e+00 1.335530000000000000e+08
2.489208633093570988e+00 1.335600000000000000e+08
2.491007194244650336e+00 1.335640000000000000e+08
2.492805755395729683e+00 1.335700000000000000e+08
2.494604316546809031e+00 1.335730000000000000e+08
2.496402877697888378e+00 1.335790000000000000e+08
2.498201438848967726e+00 1.335820000000000000e+08
2.500000000000047073e+00 1.335880000000000000e+08
2.501798561151126421e+00 1.335940000000000000e+08
2.503597122302205769e+00 1.336000000000000000e+08
2.505395683453285116e+00 1.336050000000000000e+08
2.507194244604364464e+00 1.336090000000000000e+08
2.508992805755443811e+00 1.336160000000000000e+08
2.510791366906523159e+00 1.336190000000000000e+08
2.512589928057602506e+00 1.336260000000000000e+08
2.514388489208681854e+00 1.336300000000000000e+08
2.516187050359761201e+00 1.336370000000000000e+08
2.517985611510840549e+00 1.336400000000000000e+08
2.519784172661919897e+00 1.336460000000000000e+08
2.521582733812999244e+00 1.336480000000000000e+08
2.523381294964078592e+00 1.336570000000000000e+08
2.525179856115157939e+00 1.336590000000000000e+08
2.526978417266237287e+00 1.336680000000000000e+08
2.528776978417316634e+00 1.336710000000000000e+08
2.530575539568395982e+00 1.336800000000000000e+08
2.532374100719475329e+00 1.336830000000000000e+08
2.534172661870554677e+00 1.336900000000000000e+08
2.535971223021634025e+00 1.336950000000000000e+08
2.537769784172713372e+00 1.337030000000000000e+08
2.539568345323792720e+00 1.337050000000000000e+08
2.541366906474872067e+00 1.337140000000000000e+08
2.543165467625951415e+00 1.337150000000000000e+08
2.544964028777030762e+00 1.337230000000000000e+08
2.546762589928110110e+00 1.337260000000000000e+08
2.548561151079189457e+00 1.337320000000000000e+08
2.550359712230268805e+00 1.337360000000000000e+08
2.552158273381348152e+00 1.337430000000000000e+08
2.553956834532427500e+00 1.337470000000000000e+08
2.555755395683506848e+00 1.337530000000000000e+08
2.557553956834586195e+00 1.337580000000000000e+08
2.559352517985665543e+00 1.337640000000000000e+08
2.561151079136744890e+00 1.337690000000000000e+08
2.562949640287824238e+00 1.337750000000000000e+08
2.564748201438903585e+00 1.337780000000000000e+08
2.566546762589982933e+00 1.337860000000000000e+08
2.568345323741062280e+00 1.337900000000000000e+08
2.570143884892141628e+00 1.337970000000000000e+08
2.571942446043220976e+00 1.338010000000000000e+08
2.573741007194300323e+00 1.338090000000000000e+08
2.575539568345379671e+00 1.338120000000000000e+08
2.577338129496459018e+00 1.338200000000000000e+08
2.579136690647538366e+00 1.338230000000000000e+08
2.580935251798617713e+00 1.338300000000000000e+08
2.582733812949697061e+00 1.338340000000000000e+08
2.584532374100776408e+00 1.338410000000000000e+08
2.586330935251855756e+00 1.338450000000000000e+08
2.588129496402935104e+00 1.338520000000000000e+08
2.589928057554014451e+00 1.338550000000000000e+08
2.591726618705093799e+00 1.338620000000000000e+08
2.593525179856173146e+00 1.338660000000000000e+08
2.595323741007252494e+00 1.338700000000000000e+08
2.597122302158331841e+00 1.338740000000000000e+08
2.598920863309411189e+00 1.338800000000000000e+08
2.600719424460490536e+00 1.338840000000000000e+08
2.602517985611569884e+00 1.338900000000000000e+08
2.604316546762649232e+00 1.338940000000000000e+08
2.606115107913728579e+00 1.339010000000000000e+08
2.607913669064807927e+00 1.339040000000000000e+08
2.609712230215887274e+00 1.339110000000000000e+08
2.611510791366966622e+00 1.339150000000000000e+08
2.613309352518045969e+00 1.339200000000000000e+08
2.615107913669125317e+00 1.339270000000000000e+08
2.616906474820204664e+00 1.339300000000000000e+08
2.618705035971284012e+00 1.339370000000000000e+08
2.620503597122363360e+00 1.339410000000000000e+08
2.622302158273442707e+00 1.339460000000000000e+08
2.624100719424522055e+00 1.339500000000000000e+08
2.625899280575601402e+00 1.339550000000000000e+08
2.627697841726680750e+00 1.339580000000000000e+08
2.629496402877760097e+00 1.339640000000000000e+08
2.631294964028839445e+00 1.339680000000000000e+08
2.633093525179918792e+00 1.339740000000000000e+08
2.634892086330998140e+00 1.339760000000000000e+08
2.636690647482077487e+00 1.339820000000000000e+08
2.638489208633156835e+00 1.339860000000000000e+08
2.640287769784236183e+00 1.339920000000000000e+08
2.642086330935315530e+00 1.339970000000000000e+08
2.643884892086394878e+00 1.340050000000000000e+08
2.645683453237474225e+00 1.340090000000000000e+08
2.647482014388553573e+00 1.340140000000000000e+08
2.649280575539632920e+00 1.340210000000000000e+08
2.651079136690712268e+00 1.340250000000000000e+08
2.652877697841791615e+00 1.340300000000000000e+08
2.654676258992870963e+00 1.340340000000000000e+08
2.656474820143950311e+00 1.340400000000000000e+08
2.658273381295029658e+00 1.340440000000000000e+08
2.660071942446109006e+00 1.340500000000000000e+08
2.661870503597188353e+00 1.340560000000000000e+08
2.663669064748267701e+00 1.340620000000000000e+08
2.665467625899347048e+00 1.340670000000000000e+08
2.667266187050426396e+00 1.340750000000000000e+08
2.669064748201505743e+00 1.340810000000000000e+08
2.670863309352585091e+00 1.340860000000000000e+08
2.672661870503664439e+00 1.340890000000000000e+08
2.674460431654743786e+00 1.340960000000000000e+08
2.676258992805823134e+00 1.341010000000000000e+08
2.678057553956902481e+00 1.341070000000000000e+08
2.679856115107981829e+00 1.341130000000000000e+08
2.681654676259061176e+00 1.341210000000000000e+08
2.683453237410140524e+00 1.341260000000000000e+08
2.685251798561219871e+00 1.341330000000000000e+08
2.687050359712299219e+00 1.341370000000000000e+08
2.688848920863378567e+00 1.341430000000000000e+08
2.690647482014457914e+00 1.341470000000000000e+08
2.692446043165537262e+00 1.341530000000000000e+08
2.694244604316616609e+00 1.341580000000000000e+08
2.696043165467695957e+00 1.341640000000000000e+08
2.697841726618775304e+00 1.341690000000000000e+08
2.699640287769854652e+00 1.341750000000000000e+08
2.701438848920933999e+00 1.341820000000000000e+08
2.703237410072013347e+00 1.341850000000000000e+08
2.705035971223092695e+00 1.341930000000000000e+08
2.706834532374172042e+00 1.341960000000000000e+08
2.708633093525251390e+00 1.342020000000000000e+08
2.710431654676330737e+00 1.342070000000000000e+08
2.712230215827410085e+00 1.342110000000000000e+08
2.714028776978489432e+00 1.342150000000000000e+08
2.715827338129568780e+00 1.342190000000000000e+08
2.717625899280648127e+00 1.342230000000000000e+08
2.719424460431727475e+00 1.342290000000000000e+08
2.721223021582806822e+00 1.342330000000000000e+08
2.723021582733886170e+00 1.342410000000000000e+08
2.724820143884965518e+00 1.342440000000000000e+08
2.726618705036044865e+00 1.342520000000000000e+08
2.728417266187124213e+00 1.342550000000000000e+08
2.730215827338203560e+00 1.342610000000000000e+08
2.732014388489282908e+00 1.342640000000000000e+08
2.733812949640362255e+00 1.342700000000000000e+08
2.735611510791441603e+00 1.342750000000000000e+08
2.737410071942520950e+00 1.342810000000000000e+08
2.739208633093600298e+00 1.342860000000000000e+08
2.741007194244679646e+00 1.342920000000000000e+08
2.742805755395758993e+00 1.342960000000000000e+08
2.744604316546838341e+00 1.343030000000000000e+08
2.746402877697917688e+00 1.343080000000000000e+08
2.748201438848997036e+00 1.343140000000000000e+08
2.750000000000076383e+00 1.343180000000000000e+08
2.751798561151155731e+00 1.343250000000000000e+08
2.753597122302235078e+00 1.343320000000000000e+08
2.755395683453314426e+00 1.343330000000000000e+08
2.757194244604393774e+00 1.343410000000000000e+08
2.758992805755473121e+00 1.343430000000000000e+08
2.760791366906552469e+00 1.343540000000000000e+08
2.762589928057631816e+00 1.343560000000000000e+08
2.764388489208711164e+00 1.343640000000000000e+08
2.766187050359790511e+00 1.343670000000000000e+08
2.767985611510869859e+00 1.343750000000000000e+08
2.769784172661949206e+00 1.343780000000000000e+08
2.771582733813028554e+00 1.343840000000000000e+08
2.773381294964107902e+00 1.343870000000000000e+08
2.775179856115187249e+00 1.343920000000000000e+08
2.776978417266266597e+00 1.343960000000000000e+08
2.778776978417345944e+00 1.344010000000000000e+08
2.780575539568425292e+00 1.344060000000000000e+08
2.782374100719504639e+00 1.344120000000000000e+08
2.784172661870583987e+00 1.344160000000000000e+08
2.785971223021663334e+00 1.344220000000000000e+08
2.787769784172742682e+00 1.344280000000000000e+08
2.789568345323822030e+00 1.344330000000000000e+08
2.791366906474901377e+00 1.344390000000000000e+08
2.793165467625980725e+00 1.344440000000000000e+08
2.794964028777060072e+00 1.344500000000000000e+08
2.796762589928139420e+00 1.344550000000000000e+08
2.798561151079218767e+00 1.344600000000000000e+08
2.800359712230298115e+00 1.344650000000000000e+08
2.802158273381377462e+00 1.344690000000000000e+08
2.803956834532456810e+00 1.344760000000000000e+08
2.805755395683536157e+00 1.344790000000000000e+08
2.807553956834615505e+00 1.344870000000000000e+08
2.809352517985694853e+00 1.344890000000000000e+08
2.811151079136774200e+00 1.344980000000000000e+08
2.812949640287853548e+00 1.344990000000000000e+08
2.814748201438932895e+00 1.345060000000000000e+08
2.816546762590012243e+00 1.345090000000000000e+08
2.818345323741091590e+00 1.345170000000000000e+08
2.820143884892170938e+00 1.345210000000000000e+08
2.821942446043250285e+00 1.345280000000000000e+08
2.823741007194329633e+00 1.345320000000000000e+08
2.825539568345408981e+00 1.345400000000000000e+08
2.827338129496488328e+00 1.345430000000000000e+08
2.829136690647567676e+00 1.345510000000000000e+08
2.830935251798647023e+00 1.345540000000000000e+08
2.832733812949726371e+00 1.345600000000000000e+08
2.834532374100805718e+00 1.345630000000000000e+08
2.836330935251885066e+00 1.345710000000000000e+08
2.838129496402964413e+00 1.345750000000000000e+08
2.839928057554043761e+00 1.345810000000000000e+08
2.841726618705123109e+00 1.345860000000000000e+08
2.843525179856202456e+00 1.345900000000000000e+08
2.845323741007281804e+00 1.345970000000000000e+08
2.847122302158361151e+00 1.346000000000000000e+08
2.848920863309440499e+00 1.346070000000000000e+08
2.850719424460519846e+00 1.346100000000000000e+08
2.852517985611599194e+00 1.346180000000000000e+08
2.854316546762678541e+00 1.346190000000000000e+08
2.856115107913757889e+00 1.346290000000000000e+08
2.857913669064837237e+00 1.346310000000000000e+08
2.859712230215916584e+00 1.346390000000000000e+08
2.861510791366995932e+00 1.346420000000000000e+08
2.863309352518075279e+00 1.346520000000000000e+08
2.865107913669154627e+00 1.346540000000000000e+08
2.866906474820233974e+00 1.346640000000000000e+08
2.868705035971313322e+00 1.346670000000000000e+08
2.870503597122392669e+00 1.346740000000000000e+08
2.872302158273472017e+00 1.346780000000000000e+08
2.874100719424551365e+00 1.346850000000000000e+08
2.875899280575630712e+00 1.346870000000000000e+08
2.877697841726710060e+00 1.346920000000000000e+08
2.879496402877789407e+00 1.346940000000000000e+08
2.881294964028868755e+00 1.347020000000000000e+08
2.883093525179948102e+00 1.347040000000000000e+08
2.884892086331027450e+00 1.347130000000000000e+08
2.886690647482106797e+00 1.347140000000000000e+08
2.888489208633186145e+00 1.347220000000000000e+08
2.890287769784265492e+00 1.347230000000000000e+08
2.892086330935344840e+00 1.347320000000000000e+08
2.893884892086424188e+00 1.347330000000000000e+08
2.895683453237503535e+00 1.347420000000000000e+08
2.897482014388582883e+00 1.347430000000000000e+08
2.899280575539662230e+00 1.347510000000000000e+08
2.901079136690741578e+00 1.347540000000000000e+08
2.902877697841820925e+00 1.347620000000000000e+08
2.904676258992900273e+00 1.347660000000000000e+08
2.906474820143979620e+00 1.347720000000000000e+08
2.908273381295058968e+00 1.347740000000000000e+08
2.910071942446138316e+00 1.347810000000000000e+08
2.911870503597217663e+00 1.347840000000000000e+08
2.913669064748297011e+00 1.347910000000000000e+08
2.915467625899376358e+00 1.347960000000000000e+08
2.917266187050455706e+00 1.348020000000000000e+08
2.919064748201535053e+00 1.348080000000000000e+08
2.920863309352614401e+00 1.348140000000000000e+08
2.922661870503693748e+00 1.348220000000000000e+08
2.924460431654773096e+00 1.348270000000000000e+08
2.926258992805852444e+00 1.348330000000000000e+08
2.928057553956931791e+00 1.348400000000000000e+08
2.929856115108011139e+00 1.348460000000000000e+08
2.931654676259090486e+00 1.348520000000000000e+08
2.933453237410169834e+00 1.348560000000000000e+08
2.935251798561249181e+00 1.348620000000000000e+08
2.937050359712328529e+00 1.348690000000000000e+08
2.938848920863407876e+00 1.348710000000000000e+08
2.940647482014487224e+00 1.348770000000000000e+08
2.942446043165566572e+00 1.348810000000000000e+08
2.944244604316645919e+00 1.348860000000000000e+08
2.946043165467725267e+00 1.348910000000000000e+08
2.947841726618804614e+00 1.348980000000000000e+08
2.949640287769883962e+00 1.349020000000000000e+08
2.951438848920963309e+00 1.349080000000000000e+08
2.953237410072042657e+00 1.349130000000000000e+08
2.955035971223122004e+00 1.349190000000000000e+08
2.956834532374201352e+00 1.349240000000000000e+08
2.958633093525280700e+00 1.349280000000000000e+08
2.960431654676360047e+00 1.349340000000000000e+08
2.962230215827439395e+00 1.349380000000000000e+08
2.964028776978518742e+00 1.349430000000000000e+08
2.965827338129598090e+00 1.349480000000000000e+08
2.967625899280677437e+00 1.349530000000000000e+08
2.969424460431756785e+00 1.349590000000000000e+08
2.971223021582836132e+00 1.349640000000000000e+08
2.973021582733915480e+00 1.349710000000000000e+08
2.974820143884994827e+00 1.349730000000000000e+08
2.976618705036074175e+00 1.349810000000000000e+08
2.978417266187153523e+00 1.349840000000000000e+08
2.980215827338232870e+00 1.349920000000000000e+08
2.982014388489312218e+00 1.349960000000000000e+08
2.983812949640391565e+00 1.350020000000000000e+08
2.985611510791470913e+00 1.350060000000000000e+08
2.987410071942550260e+00 1.350130000000000000e+08
2.989208633093629608e+00 1.350170000000000000e+08
2.991007194244708955e+00 1.350220000000000000e+08
2.992805755395788303e+00 1.350280000000000000e+08
2.994604316546867651e+00 1.350340000000000000e+08
2.996402877697946998e+00 1.350400000000000000e+08
2.998201438849026346e+00 1.350460000000000000e+08
3.000000000000105693e+00 1.350490000000000000e+08
