0.000000000000000000e+00 1.000170000000000000e+08
1.199999999999999956e-01 1.262700000000000000e+08
2.399999999999999911e-01 1.265880000000000000e+08
3.599999999999999867e-01 1.269150000000000000e+08
4.799999999999999822e-01 1.272190000000000000e+08
5.999999999999999778e-01 1.275720000000000000e+08
7.199999999999999734e-01 1.279190000000000000e+08
8.399999999999999689e-01 1.282200000000000000e+08
9.599999999999999645e-01 1.285480000000000000e+08
1.080000000000000071e+00 1.289050000000000000e+08
1.200000000000000178e+00 1.292180000000000000e+08
1.320000000000000284e+00 1.295460000000000000e+08
1.440000000000000391e+00 1.298640000000000000e+08
1.560000000000000497e+00 1.301960000000000000e+08
1.680000000000000604e+00 1.305390000000000000e+08
1.800000000000000711e+00 1.308720000000000000e+08
1.920000000000000817e+00 1.312190000000000000e+08
2.040000000000000924e+00 1.315360000000000000e+08
2.160000000000001030e+00 1.318490000000000000e+08
2.280000000000001137e+00 1.322200000000000000e+08
2.400000000000001243e+00 1.325480000000000000e+08
2.520000000000001350e+00 1.329010000000000000e+08
2.640000000000001457e+00 1.332260000000000000e+08
2.760000000000001563e+00 1.335480000000000000e+08
2.880000000000001670e+00 1.338850000000000000e+08
3.000000000000001776e+00 1.342510000000000000e+08
