0.000000000000000000e+00 1.000170000000000000e+08
1.485148514851485080e-02 1.262340000000000000e+08
2.970297029702970160e-02 1.262960000000000000e+08
4.455445544554455239e-02 1.263350000000000000e+08
5.940594059405940319e-02 1.263920000000000000e+08
7.425742574257425399e-02 1.264250000000000000e+08
8.910891089108910479e-02 1.264820000000000000e+08
1.039603960396039556e-01 1.264980000000000000e+08
1.188118811881188064e-01 1.265410000000000000e+08
1.336633663366336711e-01 1.265830000000000000e+08
1.485148514851485357e-01 1.266170000000000000e+08
1.633663366336634004e-01 1.266860000000000000e+08
1.782178217821782651e-01 1.266960000000000000e+08
1.930693069306931298e-01 1.267490000000000000e+08
2.079207920792079944e-01 1.267900000000000000e+08
2.227722772277228591e-01 1.268150000000000000e+08
2.376237623762377238e-01 1.268740000000000000e+08
2.524752475247525885e-01 1.269070000000000000e+08
2.673267326732674531e-01 1.269440000000000000e+08
2.821782178217823178e-01 1.269930000000000000e+08
2.970297029702971825e-01 1.270340000000000000e+08
3.118811881188120472e-01 1.270600000000000000e+08
3.267326732673269118e-01 1.271170000000000000e+08
3.415841584158417765e-01 1.271530000000000000e+08
3.564356435643566412e-01 1.272100000000000000e+08
3.712871287128715059e-01 1.272000000000000000e+08
3.861386138613863706e-01 1.272650000000000000e+08
4.009900990099012352e-01 1.273110000000000000e+08
4.158415841584160999e-01 1.273610000000000000e+08
4.306930693069309646e-01 1.274080000000000000e+08
4.455445544554458293e-01 1.274200000000000000e+08
4.603960396039606939e-01 1.274650000000000000e+08
4.752475247524755586e-01 1.275320000000000000e+08
4.900990099009904233e-01 1.275590000000000000e+08
5.049504950495052880e-01 1.275970000000000000e+08
5.198019801980201526e-01 1.276270000000000000e+08
5.346534653465350173e-01 1.276740000000000000e+08
5.495049504950498820e-01 1.276870000000000000e+08
5.643564356435647467e-01 1.277640000000000000e+08
5.792079207920796113e-01 1.278040000000000000e+08
5.940594059405944760e-01 1.278110000000000000e+08
6.089108910891093407e-01 1.279160000000000000e+08
6.237623762376242054e-01 1.279200000000000000e+08
6.386138613861390700e-01 1.279630000000000000e+08
6.534653465346539347e-01 1.279690000000000000e+08
6.683168316831687994e-01 1.280400000000000000e+08
6.831683168316836641e-01 1.280850000000000000e+08
6.980198019801985287e-01 1.281140000000000000e+08
7.128712871287133934e-01 1.281660000000000000e+08
7.277227722772282581e-01 1.282140000000000000e+08
7.425742574257431228e-01 1.282410000000000000e+08
7.574257425742579874e-01 1.283010000000000000e+08
7.722772277227728521e-01 1.283310000000000000e+08
7.871287128712877168e-01 1.283680000000000000e+08
8.019801980198025815e-01 1.284120000000000000e+08
8.168316831683174462e-01 1.284500000000000000e+08
8.316831683168323108e-01 1.284820000000000000e+08
8.465346534653471755e-01 1.285240000000000000e+08
8.613861386138620402e-01 1.285700000000000000e+08
8.762376237623769049e-01 1.286230000000000000e+08
8.910891089108917695e-01 1.286260000000000000e+08
9.059405940594066342e-01 1.286770000000000000e+08
9.207920792079214989e-01 1.287460000000000000e+08
9.356435643564363636e-01 1.287690000000000000e+08
9.504950495049512282e-01 1.288200000000000000e+08
9.653465346534660929e-01 1.288530000000000000e+08
9.801980198019809576e-01 1.289020000000000000e+08
9.950495049504958223e-01 1.289500000000000000e+08
1.009900990099010576e+00 1.289780000000000000e+08
1.024752475247525441e+00 1.290290000000000000e+08
1.039603960396040305e+00 1.290840000000000000e+08
1.054455445544555170e+00 1.291100000000000000e+08
1.069306930693070035e+00 1.291360000000000000e+08
1.084158415841584899e+00 1.292080000000000000e+08
1.099009900990099764e+00 1.292410000000000000e+08
1.113861386138614629e+00 1.292380000000000000e+08
1.128712871287129493e+00 1.293050000000000000e+08
1.143564356435644358e+00 1.293620000000000000e+08
1.158415841584159223e+00 1.293880000000000000e+08
1.173267326732674087e+00 1.294500000000000000e+08
1.188118811881188952e+00 1.294770000000000000e+08
1.202970297029703817e+00 1.295220000000000000e+08
1.217821782178218681e+00 1.295760000000000000e+08
1.232673267326733546e+00 1.296080000000000000e+08
1.247524752475248411e+00 1.296390000000000000e+08
1.262376237623763275e+00 1.296980000000000000e+08
1.277227722772278140e+00 1.297200000000000000e+08
1.292079207920793005e+00 1.297480000000000000e+08
1.306930693069307869e+00 1.298080000000000000e+08
1.321782178217822734e+00 1.298480000000000000e+08
1.336633663366337599e+00 1.298990000000000000e+08
1.351485148514852463e+00 1.299430000000000000e+08
1.366336633663367328e+00 1.299760000000000000e+08
1.381188118811882193e+00 1.300260000000000000e+08
1.396039603960397057e+00 1.300520000000000000e+08
1.410891089108911922e+00 1.301160000000000000e+08
1.425742574257426787e+00 1.301360000000000000e+08
1.440594059405941652e+00 1.301540000000000000e+08
1.455445544554456516e+00 1.301980000000000000e+08
1.470297029702971381e+00 1.302500000000000000e+08
1.485148514851486246e+00 1.302970000000000000e+08
1.500000000000001110e+00 1.303530000000000000e+08
1.514851485148515975e+00 1.303760000000000000e+08
1.529702970297030840e+00 1.304250000000000000e+08
1.544554455445545704e+00 1.304380000000000000e+08
1.559405940594060569e+00 1.305270000000000000e+08
1.574257425742575434e+00 1.305500000000000000e+08
1.589108910891090298e+00 1.305990000000000000e+08
1.603960396039605163e+00 1.306440000000000000e+08
1.618811881188120028e+00 1.306770000000000000e+08
1.633663366336634892e+00 1.307210000000000000e+08
1.648514851485149757e+00 1.307580000000000000e+08
1.663366336633664622e+00 1.308010000000000000e+08
1.678217821782179486e+00 1.308830000000000000e+08
1.693069306930694351e+00 1.308850000000000000e+08
1.707920792079209216e+00 1.309670000000000000e+08
1.722772277227724080e+00 1.309600000000000000e+08
1.737623762376238945e+00 1.309840000000000000e+08
1.752475247524753810e+00 1.310630000000000000e+08
1.767326732673268674e+00 1.311100000000000000e+08
1.782178217821783539e+00 1.311370000000000000e+08
1.797029702970298404e+00 1.311600000000000000e+08
1.811881188118813268e+00 1.312390000000000000e+08
1.826732673267328133e+00 1.312960000000000000e+08
1.841584158415842998e+00 1.312880000000000000e+08
1.856435643564357862e+00 1.313450000000000000e+08
1.871287128712872727e+00 1.314010000000000000e+08
1.886138613861387592e+00 1.314340000000000000e+08
1.900990099009902456e+00 1.314770000000000000e+08
1.915841584158417321e+00 1.315290000000000000e+08
1.930693069306932186e+00 1.315570000000000000e+08
1.945544554455447051e+00 1.316150000000000000e+08
1.960396039603961915e+00 1.316470000000000000e+08
1.975247524752476780e+00 1.316740000000000000e+08
1.990099009900991645e+00 1.317220000000000000e+08
2.004950495049506287e+00 1.317840000000000000e+08
2.019801980198021152e+00 1.318080000000000000e+08
2.034653465346536017e+00 1.318440000000000000e+08
2.049504950495050881e+00 1.318890000000000000e+08
2.064356435643565746e+00 1.319390000000000000e+08
2.079207920792080611e+00 1.319620000000000000e+08
2.094059405940595475e+00 1.320200000000000000e+08
2.108910891089110340e+00 1.320660000000000000e+08
2.123762376237625205e+00 1.321200000000000000e+08
2.138613861386140069e+00 1.321420000000000000e+08
2.153465346534654934e+00 1.321780000000000000e+08
2.168316831683169799e+00 1.322250000000000000e+08
2.183168316831684663e+00 1.322660000000000000e+08
2.198019801980199528e+00 1.323130000000000000e+08
2.212871287128714393e+00 1.323220000000000000e+08
2.227722772277229257e+00 1.323920000000000000e+08
2.242574257425744122e+00 1.324500000000000000e+08
2.257425742574258987e+00 1.325160000000000000e+08
2.272277227722773851e+00 1.325090000000000000e+08
2.287128712871288716e+00 1.325730000000000000e+08
2.301980198019803581e+00 1.326090000000000000e+08
2.316831683168318445e+00 1.326530000000000000e+08
2.331683168316833310e+00 1.327130000000000000e+08
2.346534653465348175e+00 1.327430000000000000e+08
2.361386138613863039e+00 1.327820000000000000e+08
2.376237623762377904e+00 1.328050000000000000e+08
2.391089108910892769e+00 1.328760000000000000e+08
2.405940594059407633e+00 1.329070000000000000e+08
2.420792079207922498e+00 1.329600000000000000e+08
2.435643564356437363e+00 1.329570000000000000e+08
2.450495049504952227e+00 1.330500000000000000e+08
2.465346534653467092e+00 1.330630000000000000e+08
2.480198019801981957e+00 1.331190000000000000e+08
2.495049504950496821e+00 1.331740000000000000e+08
2.509900990099011686e+00 1.331870000000000000e+08
2.524752475247526551e+00 1.332090000000000000e+08
2.539603960396041415e+00 1.332930000000000000e+08
2.554455445544556280e+00 1.333400000000000000e+08
2.569306930693071145e+00 1.333940000000000000e+08
2.584158415841586010e+00 1.334090000000000000e+08
2.599009900990100874e+00 1.334700000000000000e+08
2.613861386138615739e+00 1.334900000000000000e+08
2.628712871287130604e+00 1.335250000000000000e+08
2.643564356435645468e+00 1.335460000000000000e+08
2.658415841584160333e+00 1.336150000000000000e+08
2.673267326732675198e+00 1.336580000000000000e+08
2.688118811881190062e+00 1.336720000000000000e+08
2.702970297029704927e+00 1.337620000000000000e+08
2.717821782178219792e+00 1.338090000000000000e+08
2.732673267326734656e+00 1.338330000000000000e+08
2.747524752475249521e+00 1.338820000000000000e+08
2.762376237623764386e+00 1.339180000000000000e+08
2.777227722772279250e+00 1.339500000000000000e+08
2.792079207920794115e+00 1.340050000000000000e+08
2.806930693069308980e+00 1.340450000000000000e+08
2.821782178217823844e+00 1.340720000000000000e+08
2.836633663366338709e+00 1.341050000000000000e+08
2.851485148514853574e+00 1.341760000000000000e+08
2.866336633663368438e+00 1.342600000000000000e+08
2.881188118811883303e+00 1.342860000000000000e+08
2.896039603960398168e+00 1.342980000000000000e+08
2.910891089108913032e+00 1.343380000000000000e+08
2.925742574257427897e+00 1.343830000000000000e+08
2.940594059405942762e+00 1.344270000000000000e+08
2.955445544554457626e+00 1.344730000000000000e+08
2.970297029702972491e+00 1.344870000000000000e+08
2.985148514851487356e+00 1.345570000000000000e+08
3.000000000000002220e+00 1.346290000000000000e+08
