0.000000000000000000e+00 1.000170000000000000e+08
2.608695652173912902e-02 1.262670000000000000e+08
5.217391304347825803e-02 1.263140000000000000e+08
7.826086956521738358e-02 1.264010000000000000e+08
1.043478260869565161e-01 1.264480000000000000e+08
1.304347826086956486e-01 1.265620000000000000e+08
1.565217391304347672e-01 1.266090000000000000e+08
1.826086956521738858e-01 1.266830000000000000e+08
2.086956521739130044e-01 1.267170000000000000e+08
2.347826086956521230e-01 1.268010000000000000e+08
2.608695652173912416e-01 1.268880000000000000e+08
2.869565217391303880e-01 1.269710000000000000e+08
3.130434782608695343e-01 1.270510000000000000e+08
3.391304347826086807e-01 1.271160000000000000e+08
3.652173913043478271e-01 1.271830000000000000e+08
3.913043478260869734e-01 1.272270000000000000e+08
4.173913043478261198e-01 1.273020000000000000e+08
4.434782608695652661e-01 1.274130000000000000e+08
4.695652173913044125e-01 1.274730000000000000e+08
4.956521739130435589e-01 1.275530000000000000e+08
5.217391304347827052e-01 1.276160000000000000e+08
5.478260869565217961e-01 1.276760000000000000e+08
5.739130434782608869e-01 1.277360000000000000e+08
5.999999999999999778e-01 1.278240000000000000e+08
6.260869565217390686e-01 1.279040000000000000e+08
6.521739130434781595e-01 1.279760000000000000e+08
6.782608695652172504e-01 1.280590000000000000e+08
7.043478260869563412e-01 1.281040000000000000e+08
7.304347826086954321e-01 1.281770000000000000e+08
7.565217391304345229e-01 1.282500000000000000e+08
7.826086956521736138e-01 1.283280000000000000e+08
8.086956521739127046e-01 1.284040000000000000e+08
8.347826086956517955e-01 1.284660000000000000e+08
8.608695652173908863e-01 1.285150000000000000e+08
8.869565217391299772e-01 1.286020000000000000e+08
9.130434782608690680e-01 1.286860000000000000e+08
9.391304347826081589e-01 1.287460000000000000e+08
9.652173913043472497e-01 1.288280000000000000e+08
9.913043478260863406e-01 1.288700000000000000e+08
1.017391304347825542e+00 1.289450000000000000e+08
1.043478260869564744e+00 1.290550000000000000e+08
1.069565217391303946e+00 1.291240000000000000e+08
1.095652173913043148e+00 1.291870000000000000e+08
1.121739130434782350e+00 1.292360000000000000e+08
1.147826086956521552e+00 1.293730000000000000e+08
1.173913043478260754e+00 1.294030000000000000e+08
1.199999999999999956e+00 1.294540000000000000e+08
1.226086956521739157e+00 1.295470000000000000e+08
1.252173913043478359e+00 1.296180000000000000e+08
1.278260869565217561e+00 1.296860000000000000e+08
1.304347826086956763e+00 1.297450000000000000e+08
1.330434782608695965e+00 1.298320000000000000e+08
1.356521739130435167e+00 1.299050000000000000e+08
1.382608695652174369e+00 1.300000000000000000e+08
1.408695652173913571e+00 1.300540000000000000e+08
1.434782608695652772e+00 1.300960000000000000e+08
1.460869565217391974e+00 1.302060000000000000e+08
1.486956521739131176e+00 1.302850000000000000e+08
1.513043478260870378e+00 1.303690000000000000e+08
1.539130434782609580e+00 1.304270000000000000e+08
1.565217391304348782e+00 1.304950000000000000e+08
1.591304347826087984e+00 1.305580000000000000e+08
1.617391304347827186e+00 1.306510000000000000e+08
1.643478260869566387e+00 1.307050000000000000e+08
1.669565217391305589e+00 1.307900000000000000e+08
1.695652173913044791e+00 1.308300000000000000e+08
1.721739130434783993e+00 1.309380000000000000e+08
1.747826086956523195e+00 1.310110000000000000e+08
1.773913043478262397e+00 1.310830000000000000e+08
1.800000000000001599e+00 1.311470000000000000e+08
1.826086956521740801e+00 1.312100000000000000e+08
1.852173913043480002e+00 1.313050000000000000e+08
1.878260869565219204e+00 1.313660000000000000e+08
1.904347826086958406e+00 1.314430000000000000e+08
1.930434782608697608e+00 1.315100000000000000e+08
1.956521739130436810e+00 1.315880000000000000e+08
1.982608695652176012e+00 1.316570000000000000e+08
2.008695652173915214e+00 1.317340000000000000e+08
2.034782608695654194e+00 1.318380000000000000e+08
2.060869565217393173e+00 1.319130000000000000e+08
2.086956521739132153e+00 1.319540000000000000e+08
2.113043478260871133e+00 1.320370000000000000e+08
2.139130434782610113e+00 1.321150000000000000e+08
2.165217391304349093e+00 1.321450000000000000e+08
2.191304347826088073e+00 1.322700000000000000e+08
2.217391304347827052e+00 1.323120000000000000e+08
2.243478260869566032e+00 1.324050000000000000e+08
2.269565217391305012e+00 1.324790000000000000e+08
2.295652173913043992e+00 1.325560000000000000e+08
2.321739130434782972e+00 1.326280000000000000e+08
2.347826086956521952e+00 1.326630000000000000e+08
2.373913043478260931e+00 1.327780000000000000e+08
2.399999999999999911e+00 1.328360000000000000e+08
2.426086956521738891e+00 1.328940000000000000e+08
2.452173913043477871e+00 1.330190000000000000e+08
2.478260869565216851e+00 1.330660000000000000e+08
2.504347826086955831e+00 1.331440000000000000e+08
2.530434782608694810e+00 1.332490000000000000e+08
2.556521739130433790e+00 1.332690000000000000e+08
2.582608695652172770e+00 1.333720000000000000e+08
2.608695652173911750e+00 1.334420000000000000e+08
2.634782608695650730e+00 1.335200000000000000e+08
2.660869565217389709e+00 1.335890000000000000e+08
2.686956521739128689e+00 1.336620000000000000e+08
2.713043478260867669e+00 1.337420000000000000e+08
2.739130434782606649e+00 1.338260000000000000e+08
2.765217391304345629e+00 1.339140000000000000e+08
2.791304347826084609e+00 1.339850000000000000e+08
2.817391304347823588e+00 1.340080000000000000e+08
2.843478260869562568e+00 1.341220000000000000e+08
2.869565217391301548e+00 1.341920000000000000e+08
2.895652173913040528e+00 1.343010000000000000e+08
2.921739130434779508e+00 1.343680000000000000e+08
2.947826086956518488e+00 1.344210000000000000e+08
2.973913043478257467e+00 1.344530000000000000e+08
2.999999999999996447e+00 1.345620000000000000e+08
