0.000000000000000000e+00 1.000040000000000000e+08
3.000000000000000062e-03 1.080290000000000000e+08
6.000000000000000125e-03 1.080310000000000000e+08
9.000000000000001055e-03 1.135940000000000000e+08
1.200000000000000025e-02 1.135970000000000000e+08
1.499999999999999944e-02 1.174670000000000000e+08
1.799999999999999864e-02 1.174610000000000000e+08
2.099999999999999784e-02 1.201480000000000000e+08
2.399999999999999703e-02 1.201500000000000000e+08
2.699999999999999623e-02 1.220130000000000000e+08
2.999999999999999542e-02 1.220250000000000000e+08
3.299999999999999462e-02 1.233090000000000000e+08
3.599999999999999728e-02 1.233200000000000000e+08
3.899999999999999994e-02 1.242120000000000000e+08
4.200000000000000261e-02 1.242340000000000000e+08
4.500000000000000527e-02 1.248440000000000000e+08
4.800000000000000794e-02 1.248690000000000000e+08
5.100000000000001060e-02 1.252950000000000000e+08
5.400000000000001327e-02 1.253210000000000000e+08
5.700000000000001593e-02 1.256050000000000000e+08
6.000000000000001860e-02 1.256260000000000000e+08
6.300000000000001432e-02 1.258240000000000000e+08
6.600000000000001699e-02 1.258410000000000000e+08
6.900000000000001965e-02 1.259800000000000000e+08
7.200000000000002232e-02 1.259940000000000000e+08
7.500000000000002498e-02 1.260980000000000000e+08
7.800000000000002764e-02 1.261170000000000000e+08
8.100000000000003031e-02 1.261800000000000000e+08
8.400000000000003297e-02 1.261970000000000000e+08
8.700000000000003564e-02 1.262440000000000000e+08
9.000000000000003830e-02 1.262580000000000000e+08
9.300000000000004097e-02 1.263060000000000000e+08
9.600000000000004363e-02 1.263040000000000000e+08
9.900000000000004630e-02 1.263420000000000000e+08
1.020000000000000490e-01 1.263410000000000000e+08
1.050000000000000516e-01 1.263700000000000000e+08
1.080000000000000543e-01 1.263690000000000000e+08
1.110000000000000570e-01 1.263940000000000000e+08
1.140000000000000596e-01 1.263960000000000000e+08
1.170000000000000623e-01 1.264160000000000000e+08
1.200000000000000649e-01 1.264280000000000000e+08
1.230000000000000676e-01 1.264370000000000000e+08
1.260000000000000564e-01 1.264570000000000000e+08
1.290000000000000591e-01 1.264630000000000000e+08
1.320000000000000617e-01 1.264730000000000000e+08
1.350000000000000644e-01 1.264870000000000000e+08
1.380000000000000671e-01 1.264880000000000000e+08
1.410000000000000697e-01 1.265120000000000000e+08
1.440000000000000724e-01 1.265130000000000000e+08
1.470000000000000751e-01 1.265210000000000000e+08
1.500000000000000777e-01 1.265260000000000000e+08
1.530000000000000804e-01 1.265310000000000000e+08
1.560000000000000830e-01 1.265480000000000000e+08
1.590000000000000857e-01 1.265460000000000000e+08
1.620000000000000884e-01 1.265600000000000000e+08
1.650000000000000910e-01 1.265590000000000000e+08
1.680000000000000937e-01 1.265730000000000000e+08
1.710000000000000964e-01 1.265750000000000000e+08
1.740000000000000990e-01 1.265980000000000000e+08
1.770000000000001017e-01 1.265900000000000000e+08
1.800000000000001044e-01 1.266200000000000000e+08
1.830000000000001070e-01 1.266060000000000000e+08
1.860000000000001097e-01 1.266430000000000000e+08
1.890000000000001124e-01 1.266170000000000000e+08
1.920000000000001150e-01 1.266490000000000000e+08
1.950000000000001177e-01 1.266430000000000000e+08
1.980000000000001203e-01 1.266580000000000000e+08
2.010000000000001230e-01 1.266600000000000000e+08
2.040000000000001257e-01 1.266810000000000000e+08
2.070000000000001283e-01 1.266750000000000000e+08
2.100000000000001310e-01 1.267070000000000000e+08
2.130000000000001337e-01 1.267000000000000000e+08
2.160000000000001363e-01 1.267140000000000000e+08
2.190000000000001390e-01 1.267120000000000000e+08
2.220000000000001417e-01 1.267430000000000000e+08
2.250000000000001443e-01 1.267440000000000000e+08
2.280000000000001470e-01 1.267510000000000000e+08
2.310000000000001497e-01 1.267650000000000000e+08
2.340000000000001523e-01 1.267600000000000000e+08
2.370000000000001550e-01 1.267740000000000000e+08
2.400000000000001577e-01 1.267790000000000000e+08
2.430000000000001603e-01 1.267930000000000000e+08
2.460000000000001630e-01 1.267900000000000000e+08
2.490000000000001656e-01 1.268040000000000000e+08
2.520000000000001683e-01 1.268090000000000000e+08
2.550000000000001710e-01 1.268230000000000000e+08
2.580000000000001736e-01 1.268210000000000000e+08
2.610000000000001763e-01 1.268310000000000000e+08
2.640000000000001790e-01 1.268460000000000000e+08
2.670000000000001816e-01 1.268610000000000000e+08
2.700000000000001843e-01 1.268710000000000000e+08
2.730000000000001870e-01 1.268690000000000000e+08
2.760000000000001896e-01 1.268880000000000000e+08
2.790000000000001923e-01 1.268870000000000000e+08
2.820000000000001950e-01 1.269080000000000000e+08
2.850000000000001976e-01 1.268980000000000000e+08
2.880000000000002003e-01 1.269160000000000000e+08
2.910000000000002029e-01 1.269200000000000000e+08
2.940000000000002056e-01 1.269250000000000000e+08
2.970000000000002083e-01 1.269300000000000000e+08
3.000000000000002109e-01 1.269300000000000000e+08
3.030000000000002136e-01 1.269410000000000000e+08
3.060000000000002163e-01 1.269430000000000000e+08
3.090000000000002189e-01 1.269630000000000000e+08
3.120000000000002216e-01 1.269580000000000000e+08
3.150000000000002243e-01 1.269740000000000000e+08
3.180000000000002269e-01 1.269820000000000000e+08
3.210000000000002296e-01 1.269880000000000000e+08
3.240000000000002323e-01 1.269950000000000000e+08
3.270000000000002349e-01 1.270220000000000000e+08
3.300000000000002376e-01 1.270090000000000000e+08
3.330000000000002403e-01 1.270320000000000000e+08
3.360000000000002429e-01 1.270470000000000000e+08
3.390000000000002456e-01 1.270590000000000000e+08
3.420000000000002482e-01 1.270570000000000000e+08
3.450000000000002509e-01 1.270640000000000000e+08
3.480000000000002536e-01 1.270790000000000000e+08
3.510000000000002562e-01 1.270840000000000000e+08
3.540000000000002589e-01 1.270890000000000000e+08
3.570000000000002616e-01 1.271040000000000000e+08
3.600000000000002642e-01 1.271120000000000000e+08
3.630000000000002669e-01 1.271130000000000000e+08
3.660000000000002696e-01 1.271330000000000000e+08
3.690000000000002722e-01 1.271250000000000000e+08
3.720000000000002749e-01 1.271400000000000000e+08
3.750000000000002776e-01 1.271520000000000000e+08
3.780000000000002802e-01 1.271490000000000000e+08
3.810000000000002829e-01 1.271640000000000000e+08
3.840000000000002855e-01 1.271610000000000000e+08
3.870000000000002882e-01 1.271850000000000000e+08
3.900000000000002909e-01 1.271770000000000000e+08
3.930000000000002935e-01 1.272090000000000000e+08
3.960000000000002962e-01 1.271900000000000000e+08
3.990000000000002989e-01 1.272310000000000000e+08
4.020000000000003015e-01 1.272050000000000000e+08
4.050000000000003042e-01 1.272510000000000000e+08
4.080000000000003069e-01 1.272310000000000000e+08
4.110000000000003095e-01 1.272620000000000000e+08
4.140000000000003122e-01 1.272430000000000000e+08
4.170000000000003149e-01 1.272640000000000000e+08
4.200000000000003175e-01 1.272550000000000000e+08
4.230000000000003202e-01 1.272890000000000000e+08
4.260000000000003229e-01 1.272690000000000000e+08
4.290000000000003255e-01 1.272980000000000000e+08
4.320000000000003282e-01 1.272830000000000000e+08
4.350000000000003308e-01 1.273080000000000000e+08
4.380000000000003335e-01 1.273120000000000000e+08
4.410000000000003362e-01 1.273290000000000000e+08
4.440000000000003388e-01 1.273260000000000000e+08
4.470000000000003415e-01 1.273390000000000000e+08
4.500000000000003442e-01 1.273390000000000000e+08
4.530000000000003468e-01 1.273500000000000000e+08
4.560000000000003495e-01 1.273530000000000000e+08
4.590000000000003522e-01 1.273780000000000000e+08
4.620000000000003548e-01 1.273670000000000000e+08
4.650000000000003575e-01 1.273880000000000000e+08
4.680000000000003602e-01 1.273810000000000000e+08
4.710000000000003628e-01 1.274010000000000000e+08
4.740000000000003655e-01 1.274120000000000000e+08
4.770000000000003681e-01 1.274210000000000000e+08
4.800000000000003708e-01 1.274360000000000000e+08
4.830000000000003735e-01 1.274410000000000000e+08
4.860000000000003761e-01 1.274460000000000000e+08
4.890000000000003788e-01 1.274530000000000000e+08
4.920000000000003815e-01 1.274660000000000000e+08
4.950000000000003841e-01 1.274750000000000000e+08
4.980000000000003868e-01 1.274940000000000000e+08
5.010000000000003340e-01 1.274850000000000000e+08
5.040000000000003366e-01 1.275000000000000000e+08
5.070000000000003393e-01 1.274950000000000000e+08
5.100000000000003419e-01 1.275100000000000000e+08
5.130000000000003446e-01 1.275080000000000000e+08
5.160000000000003473e-01 1.275210000000000000e+08
5.190000000000003499e-01 1.275220000000000000e+08
5.220000000000003526e-01 1.275470000000000000e+08
5.250000000000003553e-01 1.275360000000000000e+08
5.280000000000003579e-01 1.275730000000000000e+08
5.310000000000003606e-01 1.275630000000000000e+08
5.340000000000003633e-01 1.275810000000000000e+08
5.370000000000003659e-01 1.275890000000000000e+08
5.400000000000003686e-01 1.276050000000000000e+08
5.430000000000003713e-01 1.276070000000000000e+08
5.460000000000003739e-01 1.276120000000000000e+08
5.490000000000003766e-01 1.276150000000000000e+08
5.520000000000003793e-01 1.276220000000000000e+08
5.550000000000003819e-01 1.276250000000000000e+08
5.580000000000003846e-01 1.276450000000000000e+08
5.610000000000003872e-01 1.276400000000000000e+08
5.640000000000003899e-01 1.276640000000000000e+08
5.670000000000003926e-01 1.276540000000000000e+08
5.700000000000003952e-01 1.276830000000000000e+08
5.730000000000003979e-01 1.276680000000000000e+08
5.760000000000004006e-01 1.277030000000000000e+08
5.790000000000004032e-01 1.277040000000000000e+08
5.820000000000004059e-01 1.277130000000000000e+08
5.850000000000004086e-01 1.277240000000000000e+08
5.880000000000004112e-01 1.277360000000000000e+08
5.910000000000004139e-01 1.277380000000000000e+08
5.940000000000004166e-01 1.277570000000000000e+08
5.970000000000004192e-01 1.277480000000000000e+08
6.000000000000004219e-01 1.277640000000000000e+08
6.030000000000004245e-01 1.277590000000000000e+08
6.060000000000004272e-01 1.277860000000000000e+08
6.090000000000004299e-01 1.277830000000000000e+08
6.120000000000004325e-01 1.277930000000000000e+08
6.150000000000004352e-01 1.278080000000000000e+08
6.180000000000004379e-01 1.278210000000000000e+08
6.210000000000004405e-01 1.278290000000000000e+08
6.240000000000004432e-01 1.278280000000000000e+08
6.270000000000004459e-01 1.278520000000000000e+08
6.300000000000004485e-01 1.278370000000000000e+08
6.330000000000004512e-01 1.278570000000000000e+08
6.360000000000004539e-01 1.278540000000000000e+08
6.390000000000004565e-01 1.278640000000000000e+08
6.420000000000004592e-01 1.278760000000000000e+08
6.450000000000004619e-01 1.278740000000000000e+08
6.480000000000004645e-01 1.278860000000000000e+08
6.510000000000004672e-01 1.278860000000000000e+08
6.540000000000004698e-01 1.279050000000000000e+08
6.570000000000004725e-01 1.279030000000000000e+08
6.600000000000004752e-01 1.279300000000000000e+08
6.630000000000004778e-01 1.279270000000000000e+08
6.660000000000004805e-01 1.279410000000000000e+08
6.690000000000004832e-01 1.279390000000000000e+08
6.720000000000004858e-01 1.279630000000000000e+08
6.750000000000004885e-01 1.279520000000000000e+08
6.780000000000004912e-01 1.279840000000000000e+08
6.810000000000004938e-01 1.279660000000000000e+08
6.840000000000004965e-01 1.279930000000000000e+08
6.870000000000004992e-01 1.279870000000000000e+08
6.900000000000005018e-01 1.280130000000000000e+08
6.930000000000005045e-01 1.280020000000000000e+08
6.960000000000005071e-01 1.280310000000000000e+08
6.990000000000005098e-01 1.280250000000000000e+08
7.020000000000005125e-01 1.280390000000000000e+08
7.050000000000005151e-01 1.280370000000000000e+08
7.080000000000005178e-01 1.280480000000000000e+08
7.110000000000005205e-01 1.280590000000000000e+08
7.140000000000005231e-01 1.280590000000000000e+08
7.170000000000005258e-01 1.280690000000000000e+08
7.200000000000005285e-01 1.280800000000000000e+08
7.230000000000005311e-01 1.280820000000000000e+08
7.260000000000005338e-01 1.280930000000000000e+08
7.290000000000005365e-01 1.280950000000000000e+08
7.320000000000005391e-01 1.281170000000000000e+08
7.350000000000005418e-01 1.281250000000000000e+08
7.380000000000005445e-01 1.281440000000000000e+08
7.410000000000005471e-01 1.281370000000000000e+08
7.440000000000005498e-01 1.281490000000000000e+08
7.470000000000005524e-01 1.281500000000000000e+08
7.500000000000005551e-01 1.281610000000000000e+08
7.530000000000005578e-01 1.281640000000000000e+08
7.560000000000005604e-01 1.281740000000000000e+08
7.590000000000005631e-01 1.281790000000000000e+08
7.620000000000005658e-01 1.281870000000000000e+08
7.650000000000005684e-01 1.281950000000000000e+08
7.680000000000005711e-01 1.282050000000000000e+08
7.710000000000005738e-01 1.282110000000000000e+08
7.740000000000005764e-01 1.282190000000000000e+08
7.770000000000005791e-01 1.282190000000000000e+08
7.800000000000005818e-01 1.282430000000000000e+08
7.830000000000005844e-01 1.282370000000000000e+08
7.860000000000005871e-01 1.282580000000000000e+08
7.890000000000005898e-01 1.282560000000000000e+08
7.920000000000005924e-01 1.282860000000000000e+08
7.950000000000005951e-01 1.282830000000000000e+08
7.980000000000005977e-01 1.282970000000000000e+08
8.010000000000006004e-01 1.283100000000000000e+08
8.040000000000006031e-01 1.283070000000000000e+08
8.070000000000006057e-01 1.283190000000000000e+08
8.100000000000006084e-01 1.283170000000000000e+08
8.130000000000006111e-01 1.283300000000000000e+08
8.160000000000006137e-01 1.283310000000000000e+08
8.190000000000006164e-01 1.283570000000000000e+08
8.220000000000006191e-01 1.283550000000000000e+08
8.250000000000006217e-01 1.283870000000000000e+08
8.280000000000006244e-01 1.283830000000000000e+08
8.310000000000006271e-01 1.284010000000000000e+08
8.340000000000006297e-01 1.284120000000000000e+08
8.370000000000006324e-01 1.284290000000000000e+08
8.400000000000006350e-01 1.284290000000000000e+08
8.430000000000006377e-01 1.284360000000000000e+08
8.460000000000006404e-01 1.284320000000000000e+08
8.490000000000006430e-01 1.284440000000000000e+08
8.520000000000006457e-01 1.284420000000000000e+08
8.550000000000006484e-01 1.284660000000000000e+08
8.580000000000006510e-01 1.284680000000000000e+08
8.610000000000006537e-01 1.284860000000000000e+08
8.640000000000006564e-01 1.284900000000000000e+08
8.670000000000006590e-01 1.284940000000000000e+08
8.700000000000006617e-01 1.284970000000000000e+08
8.730000000000006644e-01 1.285020000000000000e+08
8.760000000000006670e-01 1.285070000000000000e+08
8.790000000000006697e-01 1.285240000000000000e+08
8.820000000000006724e-01 1.285290000000000000e+08
8.850000000000006750e-01 1.285360000000000000e+08
8.880000000000006777e-01 1.285550000000000000e+08
8.910000000000006803e-01 1.285470000000000000e+08
8.940000000000006830e-01 1.285630000000000000e+08
8.970000000000006857e-01 1.285750000000000000e+08
9.000000000000006883e-01 1.285710000000000000e+08
9.030000000000006910e-01 1.285840000000000000e+08
9.060000000000006937e-01 1.285990000000000000e+08
9.090000000000006963e-01 1.285950000000000000e+08
9.120000000000006990e-01 1.286270000000000000e+08
9.150000000000007017e-01 1.286230000000000000e+08
9.180000000000007043e-01 1.286350000000000000e+08
9.210000000000007070e-01 1.286250000000000000e+08
9.240000000000007097e-01 1.286580000000000000e+08
9.270000000000007123e-01 1.286500000000000000e+08
9.300000000000007150e-01 1.286650000000000000e+08
9.330000000000007176e-01 1.286620000000000000e+08
9.360000000000007203e-01 1.286870000000000000e+08
9.390000000000007230e-01 1.286760000000000000e+08
9.420000000000007256e-01 1.286970000000000000e+08
9.450000000000007283e-01 1.286860000000000000e+08
9.480000000000007310e-01 1.287070000000000000e+08
9.510000000000007336e-01 1.287000000000000000e+08
9.540000000000007363e-01 1.287280000000000000e+08
9.570000000000007390e-01 1.287350000000000000e+08
9.600000000000007416e-01 1.287410000000000000e+08
9.630000000000007443e-01 1.287550000000000000e+08
9.660000000000007470e-01 1.287570000000000000e+08
9.690000000000007496e-01 1.287660000000000000e+08
9.720000000000007523e-01 1.287680000000000000e+08
9.750000000000007550e-01 1.287780000000000000e+08
9.780000000000007576e-01 1.287900000000000000e+08
9.810000000000007603e-01 1.287900000000000000e+08
9.840000000000007629e-01 1.288180000000000000e+08
9.870000000000007656e-01 1.288070000000000000e+08
9.900000000000007683e-01 1.288270000000000000e+08
9.930000000000007709e-01 1.288370000000000000e+08
9.960000000000007736e-01 1.288370000000000000e+08
9.990000000000007763e-01 1.288600000000000000e+08
1.002000000000000668e+00 1.288500000000000000e+08
1.005000000000000560e+00 1.288840000000000000e+08
1.008000000000000451e+00 1.288640000000000000e+08
1.011000000000000343e+00 1.288910000000000000e+08
1.014000000000000234e+00 1.288780000000000000e+08
1.017000000000000126e+00 1.288980000000000000e+08
1.020000000000000018e+00 1.289080000000000000e+08
1.022999999999999909e+00 1.289220000000000000e+08
1.025999999999999801e+00 1.289310000000000000e+08
1.028999999999999693e+00 1.289400000000000000e+08
1.031999999999999584e+00 1.289420000000000000e+08
1.034999999999999476e+00 1.289490000000000000e+08
1.037999999999999368e+00 1.289610000000000000e+08
1.040999999999999259e+00 1.289480000000000000e+08
1.043999999999999151e+00 1.289720000000000000e+08
1.046999999999999043e+00 1.289740000000000000e+08
1.049999999999998934e+00 1.289910000000000000e+08
1.052999999999998826e+00 1.289980000000000000e+08
1.055999999999998717e+00 1.290130000000000000e+08
1.058999999999998609e+00 1.290100000000000000e+08
1.061999999999998501e+00 1.290350000000000000e+08
1.064999999999998392e+00 1.290370000000000000e+08
1.067999999999998284e+00 1.290410000000000000e+08
1.070999999999998176e+00 1.290600000000000000e+08
1.073999999999998067e+00 1.290520000000000000e+08
1.076999999999997959e+00 1.290670000000000000e+08
1.079999999999997851e+00 1.290630000000000000e+08
1.082999999999997742e+00 1.290890000000000000e+08
1.085999999999997634e+00 1.290890000000000000e+08
1.088999999999997526e+00 1.290980000000000000e+08
1.091999999999997417e+00 1.291000000000000000e+08
1.094999999999997309e+00 1.291070000000000000e+08
1.097999999999997200e+00 1.291120000000000000e+08
1.100999999999997092e+00 1.291230000000000000e+08
1.103999999999996984e+00 1.291360000000000000e+08
1.106999999999996875e+00 1.291290000000000000e+08
1.109999999999996767e+00 1.291580000000000000e+08
1.112999999999996659e+00 1.291570000000000000e+08
1.115999999999996550e+00 1.291700000000000000e+08
1.118999999999996442e+00 1.291730000000000000e+08
1.121999999999996334e+00 1.291890000000000000e+08
1.124999999999996225e+00 1.291960000000000000e+08
1.127999999999996117e+00 1.292010000000000000e+08
1.130999999999996009e+00 1.292060000000000000e+08
1.133999999999995900e+00 1.292210000000000000e+08
1.136999999999995792e+00 1.292190000000000000e+08
1.139999999999995683e+00 1.292300000000000000e+08
1.142999999999995575e+00 1.292320000000000000e+08
1.145999999999995467e+00 1.292540000000000000e+08
1.148999999999995358e+00 1.292470000000000000e+08
1.151999999999995250e+00 1.292750000000000000e+08
1.154999999999995142e+00 1.292710000000000000e+08
1.157999999999995033e+00 1.292870000000000000e+08
1.160999999999994925e+00 1.292860000000000000e+08
1.163999999999994817e+00 1.292990000000000000e+08
1.166999999999994708e+00 1.293150000000000000e+08
1.169999999999994600e+00 1.293120000000000000e+08
1.172999999999994492e+00 1.293250000000000000e+08
1.175999999999994383e+00 1.293190000000000000e+08
1.178999999999994275e+00 1.293370000000000000e+08
1.181999999999994166e+00 1.293300000000000000e+08
1.184999999999994058e+00 1.293440000000000000e+08
1.187999999999993950e+00 1.293640000000000000e+08
1.190999999999993841e+00 1.293770000000000000e+08
1.193999999999993733e+00 1.293980000000000000e+08
1.196999999999993625e+00 1.294000000000000000e+08
1.199999999999993516e+00 1.294070000000000000e+08
1.202999999999993408e+00 1.294240000000000000e+08
1.205999999999993300e+00 1.294180000000000000e+08
1.208999999999993191e+00 1.294440000000000000e+08
1.211999999999993083e+00 1.294300000000000000e+08
1.214999999999992975e+00 1.294620000000000000e+08
1.217999999999992866e+00 1.294420000000000000e+08
1.220999999999992758e+00 1.294800000000000000e+08
1.223999999999992649e+00 1.294570000000000000e+08
1.226999999999992541e+00 1.294890000000000000e+08
1.229999999999992433e+00 1.294850000000000000e+08
1.232999999999992324e+00 1.295110000000000000e+08
1.235999999999992216e+00 1.295130000000000000e+08
1.238999999999992108e+00 1.295190000000000000e+08
1.241999999999991999e+00 1.295300000000000000e+08
1.244999999999991891e+00 1.295340000000000000e+08
1.247999999999991783e+00 1.295490000000000000e+08
1.250999999999991674e+00 1.295430000000000000e+08
1.253999999999991566e+00 1.295710000000000000e+08
1.256999999999991457e+00 1.295540000000000000e+08
1.259999999999991349e+00 1.295860000000000000e+08
1.262999999999991241e+00 1.295820000000000000e+08
1.265999999999991132e+00 1.295910000000000000e+08
1.268999999999991024e+00 1.296040000000000000e+08
1.271999999999990916e+00 1.296130000000000000e+08
1.274999999999990807e+00 1.296280000000000000e+08
1.277999999999990699e+00 1.296390000000000000e+08
1.280999999999990591e+00 1.296350000000000000e+08
1.283999999999990482e+00 1.296440000000000000e+08
1.286999999999990374e+00 1.296430000000000000e+08
1.289999999999990266e+00 1.296640000000000000e+08
1.292999999999990157e+00 1.296670000000000000e+08
1.295999999999990049e+00 1.296830000000000000e+08
1.298999999999989940e+00 1.296770000000000000e+08
1.301999999999989832e+00 1.297050000000000000e+08
1.304999999999989724e+00 1.296980000000000000e+08
1.307999999999989615e+00 1.297100000000000000e+08
1.310999999999989507e+00 1.297070000000000000e+08
1.313999999999989399e+00 1.297210000000000000e+08
1.316999999999989290e+00 1.297210000000000000e+08
1.319999999999989182e+00 1.297310000000000000e+08
1.322999999999989074e+00 1.297340000000000000e+08
1.325999999999988965e+00 1.297500000000000000e+08
1.328999999999988857e+00 1.297500000000000000e+08
1.331999999999988749e+00 1.297610000000000000e+08
1.334999999999988640e+00 1.297640000000000000e+08
1.337999999999988532e+00 1.297850000000000000e+08
1.340999999999988423e+00 1.297750000000000000e+08
1.343999999999988315e+00 1.298080000000000000e+08
1.346999999999988207e+00 1.298000000000000000e+08
1.349999999999988098e+00 1.298180000000000000e+08
1.352999999999987990e+00 1.298130000000000000e+08
1.355999999999987882e+00 1.298440000000000000e+08
1.358999999999987773e+00 1.298270000000000000e+08
1.361999999999987665e+00 1.298660000000000000e+08
1.364999999999987557e+00 1.298590000000000000e+08
1.367999999999987448e+00 1.298720000000000000e+08
1.370999999999987340e+00 1.298710000000000000e+08
1.373999999999987232e+00 1.298830000000000000e+08
1.376999999999987123e+00 1.298950000000000000e+08
1.379999999999987015e+00 1.299120000000000000e+08
1.382999999999986906e+00 1.299200000000000000e+08
1.385999999999986798e+00 1.299150000000000000e+08
1.388999999999986690e+00 1.299360000000000000e+08
1.391999999999986581e+00 1.299470000000000000e+08
1.394999999999986473e+00 1.299640000000000000e+08
1.397999999999986365e+00 1.299530000000000000e+08
1.400999999999986256e+00 1.299700000000000000e+08
1.403999999999986148e+00 1.299630000000000000e+08
1.406999999999986040e+00 1.299790000000000000e+08
1.409999999999985931e+00 1.299760000000000000e+08
1.412999999999985823e+00 1.300080000000000000e+08
1.415999999999985715e+00 1.300050000000000000e+08
1.418999999999985606e+00 1.300270000000000000e+08
1.421999999999985498e+00 1.300110000000000000e+08
1.424999999999985389e+00 1.300340000000000000e+08
1.427999999999985281e+00 1.300370000000000000e+08
1.430999999999985173e+00 1.300590000000000000e+08
1.433999999999985064e+00 1.300540000000000000e+08
1.436999999999984956e+00 1.300770000000000000e+08
1.439999999999984848e+00 1.300660000000000000e+08
1.442999999999984739e+00 1.300840000000000000e+08
1.445999999999984631e+00 1.300860000000000000e+08
1.448999999999984523e+00 1.301100000000000000e+08
1.451999999999984414e+00 1.301110000000000000e+08
1.454999999999984306e+00 1.301180000000000000e+08
1.457999999999984198e+00 1.301180000000000000e+08
1.460999999999984089e+00 1.301420000000000000e+08
1.463999999999983981e+00 1.301430000000000000e+08
1.466999999999983872e+00 1.301630000000000000e+08
1.469999999999983764e+00 1.301660000000000000e+08
1.472999999999983656e+00 1.301680000000000000e+08
1.475999999999983547e+00 1.301860000000000000e+08
1.478999999999983439e+00 1.301760000000000000e+08
1.481999999999983331e+00 1.301920000000000000e+08
1.484999999999983222e+00 1.301930000000000000e+08
1.487999999999983114e+00 1.302010000000000000e+08
1.490999999999983006e+00 1.302130000000000000e+08
1.493999999999982897e+00 1.302130000000000000e+08
1.496999999999982789e+00 1.302260000000000000e+08
1.499999999999982681e+00 1.302260000000000000e+08
1.502999999999982572e+00 1.302470000000000000e+08
1.505999999999982464e+00 1.302390000000000000e+08
1.508999999999982355e+00 1.302580000000000000e+08
1.511999999999982247e+00 1.302550000000000000e+08
1.514999999999982139e+00 1.302690000000000000e+08
1.517999999999982030e+00 1.302900000000000000e+08
1.520999999999981922e+00 1.302950000000000000e+08
1.523999999999981814e+00 1.303000000000000000e+08
1.526999999999981705e+00 1.303200000000000000e+08
1.529999999999981597e+00 1.303050000000000000e+08
1.532999999999981489e+00 1.303280000000000000e+08
1.535999999999981380e+00 1.303340000000000000e+08
1.538999999999981272e+00 1.303400000000000000e+08
1.541999999999981164e+00 1.303570000000000000e+08
1.544999999999981055e+00 1.303520000000000000e+08
1.547999999999980947e+00 1.303670000000000000e+08
1.550999999999980838e+00 1.303660000000000000e+08
1.553999999999980730e+00 1.303790000000000000e+08
1.556999999999980622e+00 1.303960000000000000e+08
1.559999999999980513e+00 1.303930000000000000e+08
1.562999999999980405e+00 1.304060000000000000e+08
1.565999999999980297e+00 1.304060000000000000e+08
1.568999999999980188e+00 1.304190000000000000e+08
1.571999999999980080e+00 1.304210000000000000e+08
1.574999999999979972e+00 1.304420000000000000e+08
1.577999999999979863e+00 1.304470000000000000e+08
1.580999999999979755e+00 1.304550000000000000e+08
1.583999999999979647e+00 1.304600000000000000e+08
1.586999999999979538e+00 1.304670000000000000e+08
1.589999999999979430e+00 1.304840000000000000e+08
1.592999999999979321e+00 1.304900000000000000e+08
1.595999999999979213e+00 1.304960000000000000e+08
1.598999999999979105e+00 1.305030000000000000e+08
1.601999999999978996e+00 1.305090000000000000e+08
1.604999999999978888e+00 1.305170000000000000e+08
1.607999999999978780e+00 1.305160000000000000e+08
1.610999999999978671e+00 1.305490000000000000e+08
1.613999999999978563e+00 1.305580000000000000e+08
1.616999999999978455e+00 1.305670000000000000e+08
1.619999999999978346e+00 1.305690000000000000e+08
1.622999999999978238e+00 1.305910000000000000e+08
1.625999999999978129e+00 1.305800000000000000e+08
1.628999999999978021e+00 1.306000000000000000e+08
1.631999999999977913e+00 1.305940000000000000e+08
1.634999999999977804e+00 1.306090000000000000e+08
1.637999999999977696e+00 1.306220000000000000e+08
1.640999999999977588e+00 1.306340000000000000e+08
1.643999999999977479e+00 1.306470000000000000e+08
1.646999999999977371e+00 1.306410000000000000e+08
1.649999999999977263e+00 1.306560000000000000e+08
1.652999999999977154e+00 1.306670000000000000e+08
1.655999999999977046e+00 1.306780000000000000e+08
1.658999999999976938e+00 1.306760000000000000e+08
1.661999999999976829e+00 1.306970000000000000e+08
1.664999999999976721e+00 1.306970000000000000e+08
1.667999999999976612e+00 1.307040000000000000e+08
1.670999999999976504e+00 1.307090000000000000e+08
1.673999999999976396e+00 1.307270000000000000e+08
1.676999999999976287e+00 1.307120000000000000e+08
1.679999999999976179e+00 1.307380000000000000e+08
1.682999999999976071e+00 1.307280000000000000e+08
1.685999999999975962e+00 1.307480000000000000e+08
1.688999999999975854e+00 1.307560000000000000e+08
1.691999999999975746e+00 1.307600000000000000e+08
1.694999999999975637e+00 1.307850000000000000e+08
1.697999999999975529e+00 1.307750000000000000e+08
1.700999999999975421e+00 1.308140000000000000e+08
1.703999999999975312e+00 1.307900000000000000e+08
1.706999999999975204e+00 1.308200000000000000e+08
1.709999999999975095e+00 1.308060000000000000e+08
1.712999999999974987e+00 1.308440000000000000e+08
1.715999999999974879e+00 1.308280000000000000e+08
1.718999999999974770e+00 1.308640000000000000e+08
1.721999999999974662e+00 1.308530000000000000e+08
1.724999999999974554e+00 1.308840000000000000e+08
1.727999999999974445e+00 1.308660000000000000e+08
1.730999999999974337e+00 1.308880000000000000e+08
1.733999999999974229e+00 1.308800000000000000e+08
1.736999999999974120e+00 1.308960000000000000e+08
1.739999999999974012e+00 1.309080000000000000e+08
1.742999999999973904e+00 1.309060000000000000e+08
1.745999999999973795e+00 1.309340000000000000e+08
1.748999999999973687e+00 1.309180000000000000e+08
1.751999999999973578e+00 1.309420000000000000e+08
1.754999999999973470e+00 1.309300000000000000e+08
1.757999999999973362e+00 1.309520000000000000e+08
1.760999999999973253e+00 1.309550000000000000e+08
1.763999999999973145e+00 1.309810000000000000e+08
1.766999999999973037e+00 1.309820000000000000e+08
1.769999999999972928e+00 1.310040000000000000e+08
1.772999999999972820e+00 1.310010000000000000e+08
1.775999999999972712e+00 1.310100000000000000e+08
1.778999999999972603e+00 1.310100000000000000e+08
1.781999999999972495e+00 1.310190000000000000e+08
1.784999999999972387e+00 1.310200000000000000e+08
1.787999999999972278e+00 1.310290000000000000e+08
1.790999999999972170e+00 1.310430000000000000e+08
1.793999999999972061e+00 1.310550000000000000e+08
1.796999999999971953e+00 1.310740000000000000e+08
1.799999999999971845e+00 1.310660000000000000e+08
1.802999999999971736e+00 1.310820000000000000e+08
1.805999999999971628e+00 1.310780000000000000e+08
1.808999999999971520e+00 1.311000000000000000e+08
1.811999999999971411e+00 1.310920000000000000e+08
1.814999999999971303e+00 1.311110000000000000e+08
1.817999999999971195e+00 1.311170000000000000e+08
1.820999999999971086e+00 1.311390000000000000e+08
1.823999999999970978e+00 1.311310000000000000e+08
1.826999999999970870e+00 1.311580000000000000e+08
1.829999999999970761e+00 1.311620000000000000e+08
1.832999999999970653e+00 1.311770000000000000e+08
1.835999999999970544e+00 1.311710000000000000e+08
1.838999999999970436e+00 1.311850000000000000e+08
1.841999999999970328e+00 1.311820000000000000e+08
1.844999999999970219e+00 1.311980000000000000e+08
1.847999999999970111e+00 1.312110000000000000e+08
1.850999999999970003e+00 1.312180000000000000e+08
1.853999999999969894e+00 1.312330000000000000e+08
1.856999999999969786e+00 1.312280000000000000e+08
1.859999999999969678e+00 1.312410000000000000e+08
1.862999999999969569e+00 1.312570000000000000e+08
1.865999999999969461e+00 1.312640000000000000e+08
1.868999999999969353e+00 1.312660000000000000e+08
1.871999999999969244e+00 1.312730000000000000e+08
1.874999999999969136e+00 1.312770000000000000e+08
1.877999999999969027e+00 1.312970000000000000e+08
1.880999999999968919e+00 1.313010000000000000e+08
1.883999999999968811e+00 1.313070000000000000e+08
1.886999999999968702e+00 1.313130000000000000e+08
1.889999999999968594e+00 1.313210000000000000e+08
1.892999999999968486e+00 1.313270000000000000e+08
1.895999999999968377e+00 1.313350000000000000e+08
1.898999999999968269e+00 1.313580000000000000e+08
1.901999999999968161e+00 1.313480000000000000e+08
1.904999999999968052e+00 1.313670000000000000e+08
1.907999999999967944e+00 1.313620000000000000e+08
1.910999999999967836e+00 1.313780000000000000e+08
1.913999999999967727e+00 1.313860000000000000e+08
1.916999999999967619e+00 1.313910000000000000e+08
1.919999999999967510e+00 1.313990000000000000e+08
1.922999999999967402e+00 1.314070000000000000e+08
1.925999999999967294e+00 1.314310000000000000e+08
1.928999999999967185e+00 1.314210000000000000e+08
1.931999999999967077e+00 1.314400000000000000e+08
1.934999999999966969e+00 1.314340000000000000e+08
1.937999999999966860e+00 1.314490000000000000e+08
1.940999999999966752e+00 1.314480000000000000e+08
1.943999999999966644e+00 1.314630000000000000e+08
1.946999999999966535e+00 1.314730000000000000e+08
1.949999999999966427e+00 1.314870000000000000e+08
1.952999999999966318e+00 1.315010000000000000e+08
1.955999999999966210e+00 1.315020000000000000e+08
1.958999999999966102e+00 1.315310000000000000e+08
1.961999999999965993e+00 1.315110000000000000e+08
1.964999999999965885e+00 1.315400000000000000e+08
1.967999999999965777e+00 1.315260000000000000e+08
1.970999999999965668e+00 1.315490000000000000e+08
1.973999999999965560e+00 1.315430000000000000e+08
1.976999999999965452e+00 1.315620000000000000e+08
1.979999999999965343e+00 1.315590000000000000e+08
1.982999999999965235e+00 1.315920000000000000e+08
1.985999999999965127e+00 1.315930000000000000e+08
1.988999999999965018e+00 1.316020000000000000e+08
1.991999999999964910e+00 1.316200000000000000e+08
1.994999999999964801e+00 1.316140000000000000e+08
1.997999999999964693e+00 1.316220000000000000e+08
2.000999999999964807e+00 1.316360000000000000e+08
2.003999999999964921e+00 1.316480000000000000e+08
2.006999999999965034e+00 1.316630000000000000e+08
2.009999999999965148e+00 1.316770000000000000e+08
2.012999999999965262e+00 1.316710000000000000e+08
2.015999999999965375e+00 1.316840000000000000e+08
2.018999999999965489e+00 1.316790000000000000e+08
2.021999999999965603e+00 1.316940000000000000e+08
2.024999999999965716e+00 1.316910000000000000e+08
2.027999999999965830e+00 1.317200000000000000e+08
2.030999999999965944e+00 1.317050000000000000e+08
2.033999999999966057e+00 1.317300000000000000e+08
2.036999999999966171e+00 1.317340000000000000e+08
2.039999999999966285e+00 1.317400000000000000e+08
2.042999999999966398e+00 1.317580000000000000e+08
2.045999999999966512e+00 1.317530000000000000e+08
2.048999999999966626e+00 1.317690000000000000e+08
2.051999999999966739e+00 1.317680000000000000e+08
2.054999999999966853e+00 1.317800000000000000e+08
2.057999999999966967e+00 1.317940000000000000e+08
2.060999999999967081e+00 1.317930000000000000e+08
2.063999999999967194e+00 1.318060000000000000e+08
2.066999999999967308e+00 1.318270000000000000e+08
2.069999999999967422e+00 1.318320000000000000e+08
2.072999999999967535e+00 1.318510000000000000e+08
2.075999999999967649e+00 1.318540000000000000e+08
2.078999999999967763e+00 1.318580000000000000e+08
2.081999999999967876e+00 1.318730000000000000e+08
2.084999999999967990e+00 1.318690000000000000e+08
2.087999999999968104e+00 1.318820000000000000e+08
2.090999999999968217e+00 1.318800000000000000e+08
2.093999999999968331e+00 1.319120000000000000e+08
2.096999999999968445e+00 1.319030000000000000e+08
2.099999999999968558e+00 1.319370000000000000e+08
2.102999999999968672e+00 1.319150000000000000e+08
2.105999999999968786e+00 1.319430000000000000e+08
2.108999999999968900e+00 1.319280000000000000e+08
2.111999999999969013e+00 1.319700000000000000e+08
2.114999999999969127e+00 1.319550000000000000e+08
2.117999999999969241e+00 1.319750000000000000e+08
2.120999999999969354e+00 1.319670000000000000e+08
2.123999999999969468e+00 1.319820000000000000e+08
2.126999999999969582e+00 1.319810000000000000e+08
2.129999999999969695e+00 1.319910000000000000e+08
2.132999999999969809e+00 1.319930000000000000e+08
2.135999999999969923e+00 1.320040000000000000e+08
2.138999999999970036e+00 1.320230000000000000e+08
2.141999999999970150e+00 1.320180000000000000e+08
2.144999999999970264e+00 1.320360000000000000e+08
2.147999999999970377e+00 1.320330000000000000e+08
2.150999999999970491e+00 1.320620000000000000e+08
2.153999999999970605e+00 1.320640000000000000e+08
2.156999999999970719e+00 1.320710000000000000e+08
2.159999999999970832e+00 1.320830000000000000e+08
2.162999999999970946e+00 1.320950000000000000e+08
2.165999999999971060e+00 1.320950000000000000e+08
2.168999999999971173e+00 1.320990000000000000e+08
2.171999999999971287e+00 1.321260000000000000e+08
2.174999999999971401e+00 1.321120000000000000e+08
2.177999999999971514e+00 1.321440000000000000e+08
2.180999999999971628e+00 1.321280000000000000e+08
2.183999999999971742e+00 1.321490000000000000e+08
2.186999999999971855e+00 1.321420000000000000e+08
2.189999999999971969e+00 1.321630000000000000e+08
2.192999999999972083e+00 1.321570000000000000e+08
2.195999999999972196e+00 1.321980000000000000e+08
2.198999999999972310e+00 1.321900000000000000e+08
2.201999999999972424e+00 1.322060000000000000e+08
2.204999999999972538e+00 1.322020000000000000e+08
2.207999999999972651e+00 1.322130000000000000e+08
2.210999999999972765e+00 1.322270000000000000e+08
2.213999999999972879e+00 1.322330000000000000e+08
2.216999999999972992e+00 1.322400000000000000e+08
2.219999999999973106e+00 1.322460000000000000e+08
2.222999999999973220e+00 1.322520000000000000e+08
2.225999999999973333e+00 1.322780000000000000e+08
2.228999999999973447e+00 1.322650000000000000e+08
2.231999999999973561e+00 1.322860000000000000e+08
2.234999999999973674e+00 1.322920000000000000e+08
2.237999999999973788e+00 1.322970000000000000e+08
2.240999999999973902e+00 1.323140000000000000e+08
2.243999999999974015e+00 1.323120000000000000e+08
2.246999999999974129e+00 1.323280000000000000e+08
2.249999999999974243e+00 1.323270000000000000e+08
2.252999999999974357e+00 1.323530000000000000e+08
2.255999999999974470e+00 1.323540000000000000e+08
2.258999999999974584e+00 1.323620000000000000e+08
2.261999999999974698e+00 1.323650000000000000e+08
2.264999999999974811e+00 1.323730000000000000e+08
2.267999999999974925e+00 1.323770000000000000e+08
2.270999999999975039e+00 1.323860000000000000e+08
2.273999999999975152e+00 1.323910000000000000e+08
2.276999999999975266e+00 1.324040000000000000e+08
2.279999999999975380e+00 1.324060000000000000e+08
2.282999999999975493e+00 1.324210000000000000e+08
2.285999999999975607e+00 1.324240000000000000e+08
2.288999999999975721e+00 1.324370000000000000e+08
2.291999999999975834e+00 1.324490000000000000e+08
2.294999999999975948e+00 1.324530000000000000e+08
2.297999999999976062e+00 1.324770000000000000e+08
2.300999999999976176e+00 1.324760000000000000e+08
2.303999999999976289e+00 1.325020000000000000e+08
2.306999999999976403e+00 1.325080000000000000e+08
2.309999999999976517e+00 1.325100000000000000e+08
2.312999999999976630e+00 1.325150000000000000e+08
2.315999999999976744e+00 1.325190000000000000e+08
2.318999999999976858e+00 1.325260000000000000e+08
2.321999999999976971e+00 1.325300000000000000e+08
2.324999999999977085e+00 1.325520000000000000e+08
2.327999999999977199e+00 1.325450000000000000e+08
2.330999999999977312e+00 1.325630000000000000e+08
2.333999999999977426e+00 1.325590000000000000e+08
2.336999999999977540e+00 1.325760000000000000e+08
2.339999999999977653e+00 1.325840000000000000e+08
2.342999999999977767e+00 1.325880000000000000e+08
2.345999999999977881e+00 1.325980000000000000e+08
2.348999999999977994e+00 1.326030000000000000e+08
2.351999999999978108e+00 1.326120000000000000e+08
2.354999999999978222e+00 1.326180000000000000e+08
2.357999999999978336e+00 1.326300000000000000e+08
2.360999999999978449e+00 1.326340000000000000e+08
2.363999999999978563e+00 1.326460000000000000e+08
2.366999999999978677e+00 1.326530000000000000e+08
2.369999999999978790e+00 1.326730000000000000e+08
2.372999999999978904e+00 1.326700000000000000e+08
2.375999999999979018e+00 1.326850000000000000e+08
2.378999999999979131e+00 1.326880000000000000e+08
2.381999999999979245e+00 1.327120000000000000e+08
2.384999999999979359e+00 1.327040000000000000e+08
2.387999999999979472e+00 1.327360000000000000e+08
2.390999999999979586e+00 1.327190000000000000e+08
2.393999999999979700e+00 1.327560000000000000e+08
2.396999999999979813e+00 1.327350000000000000e+08
2.399999999999979927e+00 1.327660000000000000e+08
2.402999999999980041e+00 1.327640000000000000e+08
2.405999999999980155e+00 1.327770000000000000e+08
2.408999999999980268e+00 1.327780000000000000e+08
2.411999999999980382e+00 1.327910000000000000e+08
2.414999999999980496e+00 1.328010000000000000e+08
2.417999999999980609e+00 1.328040000000000000e+08
2.420999999999980723e+00 1.328290000000000000e+08
2.423999999999980837e+00 1.328310000000000000e+08
2.426999999999980950e+00 1.328490000000000000e+08
2.429999999999981064e+00 1.328450000000000000e+08
2.432999999999981178e+00 1.328570000000000000e+08
2.435999999999981291e+00 1.328720000000000000e+08
2.438999999999981405e+00 1.328840000000000000e+08
2.441999999999981519e+00 1.328820000000000000e+08
2.444999999999981632e+00 1.328920000000000000e+08
2.447999999999981746e+00 1.329070000000000000e+08
2.450999999999981860e+00 1.329020000000000000e+08
2.453999999999981974e+00 1.329130000000000000e+08
2.456999999999982087e+00 1.329260000000000000e+08
2.459999999999982201e+00 1.329250000000000000e+08
2.462999999999982315e+00 1.329510000000000000e+08
2.465999999999982428e+00 1.329470000000000000e+08
2.468999999999982542e+00 1.329600000000000000e+08
2.471999999999982656e+00 1.329580000000000000e+08
2.474999999999982769e+00 1.329710000000000000e+08
2.477999999999982883e+00 1.329890000000000000e+08
2.480999999999982997e+00 1.329830000000000000e+08
2.483999999999983110e+00 1.330080000000000000e+08
2.486999999999983224e+00 1.330060000000000000e+08
2.489999999999983338e+00 1.330180000000000000e+08
2.492999999999983451e+00 1.330180000000000000e+08
2.495999999999983565e+00 1.330260000000000000e+08
2.498999999999983679e+00 1.330420000000000000e+08
2.501999999999983793e+00 1.330380000000000000e+08
2.504999999999983906e+00 1.330520000000000000e+08
2.507999999999984020e+00 1.330520000000000000e+08
2.510999999999984134e+00 1.330660000000000000e+08
2.513999999999984247e+00 1.330670000000000000e+08
2.516999999999984361e+00 1.330960000000000000e+08
2.519999999999984475e+00 1.330840000000000000e+08
2.522999999999984588e+00 1.331070000000000000e+08
2.525999999999984702e+00 1.331150000000000000e+08
2.528999999999984816e+00 1.331330000000000000e+08
2.531999999999984929e+00 1.331290000000000000e+08
2.534999999999985043e+00 1.331430000000000000e+08
2.537999999999985157e+00 1.331420000000000000e+08
2.540999999999985270e+00 1.331570000000000000e+08
2.543999999999985384e+00 1.331470000000000000e+08
2.546999999999985498e+00 1.331850000000000000e+08
2.549999999999985612e+00 1.331670000000000000e+08
2.552999999999985725e+00 1.331940000000000000e+08
2.555999999999985839e+00 1.331840000000000000e+08
2.558999999999985953e+00 1.332190000000000000e+08
2.561999999999986066e+00 1.332020000000000000e+08
2.564999999999986180e+00 1.332290000000000000e+08
2.567999999999986294e+00 1.332350000000000000e+08
2.570999999999986407e+00 1.332430000000000000e+08
2.573999999999986521e+00 1.332480000000000000e+08
2.576999999999986635e+00 1.332550000000000000e+08
2.579999999999986748e+00 1.332710000000000000e+08
2.582999999999986862e+00 1.332850000000000000e+08
2.585999999999986976e+00 1.332840000000000000e+08
2.588999999999987089e+00 1.333100000000000000e+08
2.591999999999987203e+00 1.333100000000000000e+08
2.594999999999987317e+00 1.333190000000000000e+08
2.597999999999987430e+00 1.333360000000000000e+08
2.600999999999987544e+00 1.333480000000000000e+08
2.603999999999987658e+00 1.333450000000000000e+08
2.606999999999987772e+00 1.333550000000000000e+08
2.609999999999987885e+00 1.333710000000000000e+08
2.612999999999987999e+00 1.333620000000000000e+08
2.615999999999988113e+00 1.333940000000000000e+08
2.618999999999988226e+00 1.333900000000000000e+08
2.621999999999988340e+00 1.334110000000000000e+08
2.624999999999988454e+00 1.334180000000000000e+08
2.627999999999988567e+00 1.334180000000000000e+08
2.630999999999988681e+00 1.334230000000000000e+08
2.633999999999988795e+00 1.334360000000000000e+08
2.636999999999988908e+00 1.334340000000000000e+08
2.639999999999989022e+00 1.334460000000000000e+08
2.642999999999989136e+00 1.334430000000000000e+08
2.645999999999989249e+00 1.334550000000000000e+08
2.648999999999989363e+00 1.334580000000000000e+08
2.651999999999989477e+00 1.334660000000000000e+08
2.654999999999989591e+00 1.334850000000000000e+08
2.657999999999989704e+00 1.334800000000000000e+08
2.660999999999989818e+00 1.335170000000000000e+08
2.663999999999989932e+00 1.335130000000000000e+08
2.666999999999990045e+00 1.335260000000000000e+08
2.669999999999990159e+00 1.335260000000000000e+08
2.672999999999990273e+00 1.335460000000000000e+08
2.675999999999990386e+00 1.335510000000000000e+08
2.678999999999990500e+00 1.335570000000000000e+08
2.681999999999990614e+00 1.335780000000000000e+08
2.684999999999990727e+00 1.335860000000000000e+08
2.687999999999990841e+00 1.335970000000000000e+08
2.690999999999990955e+00 1.335920000000000000e+08
2.693999999999991068e+00 1.336040000000000000e+08
2.696999999999991182e+00 1.336150000000000000e+08
2.699999999999991296e+00 1.336240000000000000e+08
2.702999999999991410e+00 1.336360000000000000e+08
2.705999999999991523e+00 1.336330000000000000e+08
2.708999999999991637e+00 1.336430000000000000e+08
2.711999999999991751e+00 1.336570000000000000e+08
2.714999999999991864e+00 1.336550000000000000e+08
2.717999999999991978e+00 1.336730000000000000e+08
2.720999999999992092e+00 1.336830000000000000e+08
2.723999999999992205e+00 1.336820000000000000e+08
2.726999999999992319e+00 1.336930000000000000e+08
2.729999999999992433e+00 1.337140000000000000e+08
2.732999999999992546e+00 1.337220000000000000e+08
2.735999999999992660e+00 1.337210000000000000e+08
2.738999999999992774e+00 1.337320000000000000e+08
2.741999999999992887e+00 1.337490000000000000e+08
2.744999999999993001e+00 1.337670000000000000e+08
2.747999999999993115e+00 1.337750000000000000e+08
2.750999999999993229e+00 1.337710000000000000e+08
2.753999999999993342e+00 1.337810000000000000e+08
2.756999999999993456e+00 1.337770000000000000e+08
2.759999999999993570e+00 1.337900000000000000e+08
2.762999999999993683e+00 1.337880000000000000e+08
2.765999999999993797e+00 1.338090000000000000e+08
2.768999999999993911e+00 1.338000000000000000e+08
2.771999999999994024e+00 1.338330000000000000e+08
2.774999999999994138e+00 1.338260000000000000e+08
2.777999999999994252e+00 1.338420000000000000e+08
2.780999999999994365e+00 1.338410000000000000e+08
2.783999999999994479e+00 1.338520000000000000e+08
2.786999999999994593e+00 1.338540000000000000e+08
2.789999999999994706e+00 1.338650000000000000e+08
2.792999999999994820e+00 1.338780000000000000e+08
2.795999999999994934e+00 1.338890000000000000e+08
2.798999999999995048e+00 1.339090000000000000e+08
2.801999999999995161e+00 1.339150000000000000e+08
2.804999999999995275e+00 1.339180000000000000e+08
2.807999999999995389e+00 1.339230000000000000e+08
2.810999999999995502e+00 1.339460000000000000e+08
2.813999999999995616e+00 1.339340000000000000e+08
2.816999999999995730e+00 1.339700000000000000e+08
2.819999999999995843e+00 1.339450000000000000e+08
2.822999999999995957e+00 1.339770000000000000e+08
2.825999999999996071e+00 1.339750000000000000e+08
2.828999999999996184e+00 1.339860000000000000e+08
2.831999999999996298e+00 1.339890000000000000e+08
2.834999999999996412e+00 1.340100000000000000e+08
2.837999999999996525e+00 1.340020000000000000e+08
2.840999999999996639e+00 1.340320000000000000e+08
2.843999999999996753e+00 1.340160000000000000e+08
2.846999999999996867e+00 1.340380000000000000e+08
2.849999999999996980e+00 1.340410000000000000e+08
2.852999999999997094e+00 1.340480000000000000e+08
2.855999999999997208e+00 1.340530000000000000e+08
2.858999999999997321e+00 1.340600000000000000e+08
2.861999999999997435e+00 1.340650000000000000e+08
2.864999999999997549e+00 1.340720000000000000e+08
2.867999999999997662e+00 1.340930000000000000e+08
2.870999999999997776e+00 1.340990000000000000e+08
2.873999999999997890e+00 1.341050000000000000e+08
2.876999999999998003e+00 1.341240000000000000e+08
2.879999999999998117e+00 1.341320000000000000e+08
2.882999999999998231e+00 1.341350000000000000e+08
2.885999999999998344e+00 1.341550000000000000e+08
2.888999999999998458e+00 1.341480000000000000e+08
2.891999999999998572e+00 1.341640000000000000e+08
2.894999999999998685e+00 1.341610000000000000e+08
2.897999999999998799e+00 1.341740000000000000e+08
2.900999999999998913e+00 1.341750000000000000e+08
2.903999999999999027e+00 1.341880000000000000e+08
2.906999999999999140e+00 1.341910000000000000e+08
2.909999999999999254e+00 1.342160000000000000e+08
2.912999999999999368e+00 1.342060000000000000e+08
2.915999999999999481e+00 1.342270000000000000e+08
2.918999999999999595e+00 1.342210000000000000e+08
2.921999999999999709e+00 1.342380000000000000e+08
2.924999999999999822e+00 1.342370000000000000e+08
2.927999999999999936e+00 1.342530000000000000e+08
2.931000000000000050e+00 1.342540000000000000e+08
2.934000000000000163e+00 1.342830000000000000e+08
2.937000000000000277e+00 1.342720000000000000e+08
2.940000000000000391e+00 1.343100000000000000e+08
2.943000000000000504e+00 1.342890000000000000e+08
2.946000000000000618e+00 1.343180000000000000e+08
2.949000000000000732e+00 1.343050000000000000e+08
2.952000000000000846e+00 1.343290000000000000e+08
2.955000000000000959e+00 1.343230000000000000e+08
2.958000000000001073e+00 1.343420000000000000e+08
2.961000000000001187e+00 1.343400000000000000e+08
2.964000000000001300e+00 1.343700000000000000e+08
2.967000000000001414e+00 1.343580000000000000e+08
2.970000000000001528e+00 1.343830000000000000e+08
2.973000000000001641e+00 1.343760000000000000e+08
2.976000000000001755e+00 1.344120000000000000e+08
2.979000000000001869e+00 1.343930000000000000e+08
2.982000000000001982e+00 1.344210000000000000e+08
2.985000000000002096e+00 1.344090000000000000e+08
2.988000000000002210e+00 1.344420000000000000e+08
2.991000000000002323e+00 1.344250000000000000e+08
2.994000000000002437e+00 1.344530000000000000e+08
2.997000000000002551e+00 1.344400000000000000e+08
3.000000000000002665e+00 1.344890000000000000e+08
