0.000000000000000000e+00 1.000170000000000000e+08
6.993006993006993001e-03 1.262640000000000000e+08
1.398601398601398600e-02 1.262910000000000000e+08
2.097902097902097987e-02 1.262980000000000000e+08
2.797202797202797200e-02 1.262820000000000000e+08
3.496503496503496761e-02 1.263630000000000000e+08
4.195804195804195974e-02 1.263720000000000000e+08
4.895104895104895187e-02 1.263620000000000000e+08
5.594405594405594401e-02 1.263900000000000000e+08
6.293706293706294308e-02 1.264180000000000000e+08
6.993006993006993521e-02 1.264340000000000000e+08
7.692307692307692735e-02 1.264520000000000000e+08
8.391608391608391948e-02 1.264660000000000000e+08
9.090909090909091161e-02 1.264910000000000000e+08
9.790209790209790375e-02 1.265370000000000000e+08
1.048951048951048959e-01 1.265470000000000000e+08
1.118881118881118880e-01 1.265620000000000000e+08
1.188811188811188801e-01 1.265980000000000000e+08
1.258741258741258862e-01 1.265660000000000000e+08
1.328671328671328922e-01 1.266220000000000000e+08
1.398601398601398982e-01 1.266500000000000000e+08
1.468531468531469042e-01 1.266360000000000000e+08
1.538461538461539102e-01 1.266380000000000000e+08
1.608391608391609162e-01 1.266550000000000000e+08
1.678321678321679222e-01 1.267000000000000000e+08
1.748251748251749282e-01 1.266840000000000000e+08
1.818181818181819343e-01 1.267010000000000000e+08
1.888111888111889403e-01 1.267580000000000000e+08
1.958041958041959463e-01 1.267710000000000000e+08
2.027972027972029523e-01 1.267630000000000000e+08
2.097902097902099583e-01 1.268180000000000000e+08
2.167832167832169643e-01 1.268250000000000000e+08
2.237762237762239703e-01 1.268690000000000000e+08
2.307692307692309763e-01 1.268600000000000000e+08
2.377622377622379823e-01 1.268780000000000000e+08
2.447552447552449884e-01 1.269020000000000000e+08
2.517482517482519944e-01 1.269330000000000000e+08
2.587412587412589726e-01 1.269120000000000000e+08
2.657342657342659509e-01 1.269810000000000000e+08
2.727272727272729291e-01 1.269580000000000000e+08
2.797202797202799074e-01 1.270140000000000000e+08
2.867132867132868856e-01 1.270240000000000000e+08
2.937062937062938639e-01 1.270140000000000000e+08
3.006993006993008422e-01 1.270730000000000000e+08
3.076923076923078204e-01 1.270870000000000000e+08
3.146853146853147987e-01 1.271060000000000000e+08
3.216783216783217769e-01 1.271200000000000000e+08
3.286713286713287552e-01 1.271570000000000000e+08
3.356643356643357334e-01 1.271310000000000000e+08
3.426573426573427117e-01 1.271810000000000000e+08
3.496503496503496899e-01 1.272030000000000000e+08
3.566433566433566682e-01 1.272460000000000000e+08
3.636363636363636465e-01 1.272210000000000000e+08
3.706293706293706247e-01 1.272390000000000000e+08
3.776223776223776030e-01 1.272660000000000000e+08
3.846153846153845812e-01 1.272960000000000000e+08
3.916083916083915595e-01 1.273080000000000000e+08
3.986013986013985377e-01 1.273520000000000000e+08
4.055944055944055160e-01 1.273560000000000000e+08
4.125874125874124942e-01 1.273630000000000000e+08
4.195804195804194725e-01 1.273570000000000000e+08
4.265734265734264508e-01 1.273770000000000000e+08
4.335664335664334290e-01 1.274160000000000000e+08
4.405594405594404073e-01 1.274520000000000000e+08
4.475524475524473855e-01 1.274820000000000000e+08
4.545454545454543638e-01 1.274900000000000000e+08
4.615384615384613420e-01 1.275140000000000000e+08
4.685314685314683203e-01 1.275070000000000000e+08
4.755244755244752985e-01 1.275280000000000000e+08
4.825174825174822768e-01 1.275530000000000000e+08
4.895104895104892551e-01 1.275750000000000000e+08
4.965034965034962333e-01 1.276020000000000000e+08
5.034965034965032116e-01 1.276060000000000000e+08
5.104895104895101898e-01 1.276340000000000000e+08
5.174825174825171681e-01 1.276470000000000000e+08
5.244755244755241463e-01 1.276670000000000000e+08
5.314685314685311246e-01 1.276950000000000000e+08
5.384615384615381029e-01 1.277060000000000000e+08
5.454545454545450811e-01 1.277260000000000000e+08
5.524475524475520594e-01 1.277340000000000000e+08
5.594405594405590376e-01 1.277430000000000000e+08
5.664335664335660159e-01 1.277930000000000000e+08
5.734265734265729941e-01 1.278170000000000000e+08
5.804195804195799724e-01 1.278220000000000000e+08
5.874125874125869506e-01 1.278370000000000000e+08
5.944055944055939289e-01 1.278610000000000000e+08
6.013986013986009072e-01 1.278840000000000000e+08
6.083916083916078854e-01 1.278930000000000000e+08
6.153846153846148637e-01 1.279260000000000000e+08
6.223776223776218419e-01 1.279350000000000000e+08
6.293706293706288202e-01 1.279490000000000000e+08
6.363636363636357984e-01 1.279460000000000000e+08
6.433566433566427767e-01 1.279690000000000000e+08
6.503496503496497549e-01 1.280050000000000000e+08
6.573426573426567332e-01 1.280250000000000000e+08
6.643356643356637115e-01 1.280530000000000000e+08
6.713286713286706897e-01 1.280540000000000000e+08
6.783216783216776680e-01 1.280820000000000000e+08
6.853146853146846462e-01 1.281160000000000000e+08
6.923076923076916245e-01 1.281230000000000000e+08
6.993006993006986027e-01 1.281490000000000000e+08
7.062937062937055810e-01 1.281780000000000000e+08
7.132867132867125592e-01 1.281840000000000000e+08
7.202797202797195375e-01 1.281780000000000000e+08
7.272727272727265158e-01 1.282220000000000000e+08
7.342657342657334940e-01 1.282630000000000000e+08
7.412587412587404723e-01 1.282630000000000000e+08
7.482517482517474505e-01 1.282940000000000000e+08
7.552447552447544288e-01 1.283110000000000000e+08
7.622377622377614070e-01 1.283140000000000000e+08
7.692307692307683853e-01 1.283520000000000000e+08
7.762237762237753635e-01 1.283360000000000000e+08
7.832167832167823418e-01 1.283850000000000000e+08
7.902097902097893201e-01 1.284050000000000000e+08
7.972027972027962983e-01 1.284210000000000000e+08
8.041958041958032766e-01 1.284470000000000000e+08
8.111888111888102548e-01 1.284880000000000000e+08
8.181818181818172331e-01 1.284530000000000000e+08
8.251748251748242113e-01 1.284970000000000000e+08
8.321678321678311896e-01 1.284880000000000000e+08
8.391608391608381678e-01 1.285300000000000000e+08
8.461538461538451461e-01 1.285500000000000000e+08
8.531468531468521244e-01 1.285770000000000000e+08
8.601398601398591026e-01 1.285980000000000000e+08
8.671328671328660809e-01 1.286030000000000000e+08
8.741258741258730591e-01 1.286260000000000000e+08
8.811188811188800374e-01 1.286400000000000000e+08
8.881118881118870156e-01 1.286680000000000000e+08
8.951048951048939939e-01 1.286880000000000000e+08
9.020979020979009722e-01 1.287140000000000000e+08
9.090909090909079504e-01 1.287030000000000000e+08
9.160839160839149287e-01 1.287450000000000000e+08
9.230769230769219069e-01 1.287610000000000000e+08
9.300699300699288852e-01 1.287800000000000000e+08
9.370629370629358634e-01 1.288010000000000000e+08
9.440559440559428417e-01 1.288270000000000000e+08
9.510489510489498199e-01 1.288380000000000000e+08
9.580419580419567982e-01 1.288770000000000000e+08
9.650349650349637765e-01 1.288920000000000000e+08
9.720279720279707547e-01 1.288770000000000000e+08
9.790209790209777330e-01 1.289240000000000000e+08
9.860139860139847112e-01 1.289450000000000000e+08
9.930069930069916895e-01 1.289300000000000000e+08
9.999999999999986677e-01 1.289870000000000000e+08
1.006993006993005757e+00 1.289690000000000000e+08
1.013986013986012846e+00 1.290180000000000000e+08
1.020979020979019936e+00 1.290280000000000000e+08
1.027972027972027025e+00 1.290680000000000000e+08
1.034965034965034114e+00 1.291030000000000000e+08
1.041958041958041203e+00 1.291280000000000000e+08
1.048951048951048293e+00 1.290870000000000000e+08
1.055944055944055382e+00 1.291490000000000000e+08
1.062937062937062471e+00 1.291540000000000000e+08
1.069930069930069561e+00 1.291700000000000000e+08
1.076923076923076650e+00 1.291810000000000000e+08
1.083916083916083739e+00 1.292100000000000000e+08
1.090909090909090828e+00 1.292380000000000000e+08
1.097902097902097918e+00 1.292360000000000000e+08
1.104895104895105007e+00 1.292700000000000000e+08
1.111888111888112096e+00 1.292840000000000000e+08
1.118881118881119185e+00 1.292910000000000000e+08
1.125874125874126275e+00 1.293220000000000000e+08
1.132867132867133364e+00 1.293360000000000000e+08
1.139860139860140453e+00 1.293690000000000000e+08
1.146853146853147543e+00 1.293700000000000000e+08
1.153846153846154632e+00 1.294090000000000000e+08
1.160839160839161721e+00 1.294370000000000000e+08
1.167832167832168810e+00 1.294410000000000000e+08
1.174825174825175900e+00 1.294580000000000000e+08
1.181818181818182989e+00 1.294540000000000000e+08
1.188811188811190078e+00 1.294990000000000000e+08
1.195804195804197168e+00 1.295270000000000000e+08
1.202797202797204257e+00 1.295340000000000000e+08
1.209790209790211346e+00 1.295560000000000000e+08
1.216783216783218435e+00 1.295810000000000000e+08
1.223776223776225525e+00 1.295960000000000000e+08
1.230769230769232614e+00 1.296100000000000000e+08
1.237762237762239703e+00 1.296500000000000000e+08
1.244755244755246792e+00 1.296500000000000000e+08
1.251748251748253882e+00 1.296770000000000000e+08
1.258741258741260971e+00 1.296630000000000000e+08
1.265734265734268060e+00 1.297120000000000000e+08
1.272727272727275150e+00 1.297760000000000000e+08
1.279720279720282239e+00 1.297580000000000000e+08
1.286713286713289328e+00 1.297920000000000000e+08
1.293706293706296417e+00 1.297820000000000000e+08
1.300699300699303507e+00 1.298230000000000000e+08
1.307692307692310596e+00 1.298310000000000000e+08
1.314685314685317685e+00 1.298490000000000000e+08
1.321678321678324775e+00 1.298500000000000000e+08
1.328671328671331864e+00 1.299120000000000000e+08
1.335664335664338953e+00 1.299110000000000000e+08
1.342657342657346042e+00 1.299400000000000000e+08
1.349650349650353132e+00 1.299700000000000000e+08
1.356643356643360221e+00 1.299540000000000000e+08
1.363636363636367310e+00 1.299630000000000000e+08
1.370629370629374399e+00 1.300000000000000000e+08
1.377622377622381489e+00 1.300330000000000000e+08
1.384615384615388578e+00 1.300490000000000000e+08
1.391608391608395667e+00 1.300720000000000000e+08
1.398601398601402757e+00 1.300890000000000000e+08
1.405594405594409846e+00 1.301170000000000000e+08
1.412587412587416935e+00 1.301580000000000000e+08
1.419580419580424024e+00 1.301450000000000000e+08
1.426573426573431114e+00 1.301550000000000000e+08
1.433566433566438203e+00 1.301530000000000000e+08
1.440559440559445292e+00 1.301990000000000000e+08
1.447552447552452382e+00 1.302180000000000000e+08
1.454545454545459471e+00 1.302110000000000000e+08
1.461538461538466560e+00 1.302710000000000000e+08
1.468531468531473649e+00 1.302580000000000000e+08
1.475524475524480739e+00 1.302970000000000000e+08
1.482517482517487828e+00 1.302880000000000000e+08
1.489510489510494917e+00 1.303480000000000000e+08
1.496503496503502006e+00 1.303370000000000000e+08
1.503496503496509096e+00 1.303940000000000000e+08
1.510489510489516185e+00 1.303890000000000000e+08
1.517482517482523274e+00 1.304250000000000000e+08
1.524475524475530364e+00 1.304390000000000000e+08
1.531468531468537453e+00 1.304490000000000000e+08
1.538461538461544542e+00 1.304900000000000000e+08
1.545454545454551631e+00 1.305100000000000000e+08
1.552447552447558721e+00 1.305110000000000000e+08
1.559440559440565810e+00 1.305400000000000000e+08
1.566433566433572899e+00 1.305590000000000000e+08
1.573426573426579989e+00 1.305470000000000000e+08
1.580419580419587078e+00 1.305690000000000000e+08
1.587412587412594167e+00 1.306180000000000000e+08
1.594405594405601256e+00 1.306090000000000000e+08
1.601398601398608346e+00 1.306470000000000000e+08
1.608391608391615435e+00 1.306750000000000000e+08
1.615384615384622524e+00 1.306870000000000000e+08
1.622377622377629613e+00 1.307060000000000000e+08
1.629370629370636703e+00 1.307320000000000000e+08
1.636363636363643792e+00 1.307540000000000000e+08
1.643356643356650881e+00 1.307460000000000000e+08
1.650349650349657971e+00 1.307840000000000000e+08
1.657342657342665060e+00 1.308010000000000000e+08
1.664335664335672149e+00 1.308400000000000000e+08
1.671328671328679238e+00 1.308140000000000000e+08
1.678321678321686328e+00 1.308760000000000000e+08
1.685314685314693417e+00 1.308860000000000000e+08
1.692307692307700506e+00 1.309120000000000000e+08
1.699300699300707596e+00 1.309370000000000000e+08
1.706293706293714685e+00 1.309580000000000000e+08
1.713286713286721774e+00 1.309570000000000000e+08
1.720279720279728863e+00 1.309520000000000000e+08
1.727272727272735953e+00 1.310120000000000000e+08
1.734265734265743042e+00 1.310310000000000000e+08
1.741258741258750131e+00 1.310620000000000000e+08
1.748251748251757220e+00 1.310880000000000000e+08
1.755244755244764310e+00 1.310480000000000000e+08
1.762237762237771399e+00 1.311300000000000000e+08
1.769230769230778488e+00 1.310980000000000000e+08
1.776223776223785578e+00 1.311150000000000000e+08
1.783216783216792667e+00 1.311810000000000000e+08
1.790209790209799756e+00 1.311810000000000000e+08
1.797202797202806845e+00 1.312170000000000000e+08
1.804195804195813935e+00 1.312410000000000000e+08
1.811188811188821024e+00 1.312470000000000000e+08
1.818181818181828113e+00 1.312950000000000000e+08
1.825174825174835203e+00 1.313100000000000000e+08
1.832167832167842292e+00 1.312960000000000000e+08
1.839160839160849381e+00 1.313060000000000000e+08
1.846153846153856470e+00 1.313560000000000000e+08
1.853146853146863560e+00 1.313690000000000000e+08
1.860139860139870649e+00 1.313890000000000000e+08
1.867132867132877738e+00 1.313970000000000000e+08
1.874125874125884827e+00 1.314320000000000000e+08
1.881118881118891917e+00 1.314310000000000000e+08
1.888111888111899006e+00 1.314510000000000000e+08
1.895104895104906095e+00 1.315090000000000000e+08
1.902097902097913185e+00 1.314920000000000000e+08
1.909090909090920274e+00 1.315000000000000000e+08
1.916083916083927363e+00 1.315290000000000000e+08
1.923076923076934452e+00 1.315660000000000000e+08
1.930069930069941542e+00 1.315530000000000000e+08
1.937062937062948631e+00 1.316150000000000000e+08
1.944055944055955720e+00 1.316300000000000000e+08
1.951048951048962810e+00 1.316420000000000000e+08
1.958041958041969899e+00 1.316380000000000000e+08
1.965034965034976988e+00 1.316470000000000000e+08
1.972027972027984077e+00 1.316950000000000000e+08
1.979020979020991167e+00 1.317210000000000000e+08
1.986013986013998256e+00 1.317510000000000000e+08
1.993006993007005345e+00 1.317480000000000000e+08
2.000000000000012434e+00 1.317970000000000000e+08
2.006993006993019524e+00 1.318130000000000000e+08
2.013986013986026613e+00 1.318320000000000000e+08
2.020979020979033702e+00 1.318440000000000000e+08
2.027972027972040792e+00 1.318480000000000000e+08
2.034965034965047881e+00 1.318760000000000000e+08
2.041958041958054970e+00 1.318620000000000000e+08
2.048951048951062059e+00 1.319110000000000000e+08
2.055944055944069149e+00 1.319240000000000000e+08
2.062937062937076238e+00 1.319520000000000000e+08
2.069930069930083327e+00 1.319450000000000000e+08
2.076923076923090417e+00 1.319930000000000000e+08
2.083916083916097506e+00 1.320160000000000000e+08
2.090909090909104595e+00 1.320540000000000000e+08
2.097902097902111684e+00 1.320600000000000000e+08
2.104895104895118774e+00 1.320590000000000000e+08
2.111888111888125863e+00 1.321240000000000000e+08
2.118881118881132952e+00 1.320860000000000000e+08
2.125874125874140042e+00 1.321260000000000000e+08
2.132867132867147131e+00 1.321240000000000000e+08
2.139860139860154220e+00 1.321600000000000000e+08
2.146853146853161309e+00 1.322360000000000000e+08
2.153846153846168399e+00 1.322090000000000000e+08
2.160839160839175488e+00 1.322230000000000000e+08
2.167832167832182577e+00 1.322460000000000000e+08
2.174825174825189666e+00 1.322960000000000000e+08
2.181818181818196756e+00 1.322870000000000000e+08
2.188811188811203845e+00 1.323060000000000000e+08
2.195804195804210934e+00 1.323400000000000000e+08
2.202797202797218024e+00 1.323530000000000000e+08
2.209790209790225113e+00 1.323740000000000000e+08
2.216783216783232202e+00 1.323940000000000000e+08
2.223776223776239291e+00 1.324050000000000000e+08
2.230769230769246381e+00 1.324270000000000000e+08
2.237762237762253470e+00 1.324460000000000000e+08
2.244755244755260559e+00 1.324780000000000000e+08
2.251748251748267649e+00 1.324820000000000000e+08
2.258741258741274738e+00 1.324650000000000000e+08
2.265734265734281827e+00 1.325370000000000000e+08
2.272727272727288916e+00 1.325110000000000000e+08
2.279720279720296006e+00 1.325680000000000000e+08
2.286713286713303095e+00 1.325960000000000000e+08
2.293706293706310184e+00 1.326100000000000000e+08
2.300699300699317273e+00 1.326190000000000000e+08
2.307692307692324363e+00 1.326470000000000000e+08
2.314685314685331452e+00 1.326710000000000000e+08
2.321678321678338541e+00 1.326810000000000000e+08
2.328671328671345631e+00 1.327040000000000000e+08
2.335664335664352720e+00 1.327380000000000000e+08
2.342657342657359809e+00 1.327220000000000000e+08
2.349650349650366898e+00 1.327660000000000000e+08
2.356643356643373988e+00 1.327830000000000000e+08
2.363636363636381077e+00 1.327990000000000000e+08
2.370629370629388166e+00 1.328280000000000000e+08
2.377622377622395256e+00 1.328640000000000000e+08
2.384615384615402345e+00 1.328650000000000000e+08
2.391608391608409434e+00 1.328910000000000000e+08
2.398601398601416523e+00 1.329000000000000000e+08
2.405594405594423613e+00 1.328970000000000000e+08
2.412587412587430702e+00 1.329590000000000000e+08
2.419580419580437791e+00 1.329410000000000000e+08
2.426573426573444880e+00 1.329950000000000000e+08
2.433566433566451970e+00 1.329810000000000000e+08
2.440559440559459059e+00 1.330120000000000000e+08
2.447552447552466148e+00 1.330120000000000000e+08
2.454545454545473238e+00 1.330390000000000000e+08
2.461538461538480327e+00 1.331000000000000000e+08
2.468531468531487416e+00 1.331000000000000000e+08
2.475524475524494505e+00 1.331260000000000000e+08
2.482517482517501595e+00 1.331430000000000000e+08
2.489510489510508684e+00 1.331550000000000000e+08
2.496503496503515773e+00 1.331620000000000000e+08
2.503496503496522863e+00 1.332090000000000000e+08
2.510489510489529952e+00 1.331940000000000000e+08
2.517482517482537041e+00 1.332380000000000000e+08
2.524475524475544130e+00 1.332480000000000000e+08
2.531468531468551220e+00 1.332630000000000000e+08
2.538461538461558309e+00 1.333160000000000000e+08
2.545454545454565398e+00 1.333270000000000000e+08
2.552447552447572487e+00 1.333400000000000000e+08
2.559440559440579577e+00 1.333510000000000000e+08
2.566433566433586666e+00 1.333880000000000000e+08
2.573426573426593755e+00 1.334200000000000000e+08
2.580419580419600845e+00 1.334410000000000000e+08
2.587412587412607934e+00 1.334300000000000000e+08
2.594405594405615023e+00 1.334640000000000000e+08
2.601398601398622112e+00 1.334750000000000000e+08
2.608391608391629202e+00 1.335070000000000000e+08
2.615384615384636291e+00 1.335640000000000000e+08
2.622377622377643380e+00 1.335220000000000000e+08
2.629370629370650470e+00 1.335610000000000000e+08
2.636363636363657559e+00 1.335740000000000000e+08
2.643356643356664648e+00 1.336070000000000000e+08
2.650349650349671737e+00 1.336120000000000000e+08
2.657342657342678827e+00 1.336340000000000000e+08
2.664335664335685916e+00 1.336580000000000000e+08
2.671328671328693005e+00 1.336740000000000000e+08
2.678321678321700094e+00 1.337100000000000000e+08
2.685314685314707184e+00 1.337260000000000000e+08
2.692307692307714273e+00 1.337270000000000000e+08
2.699300699300721362e+00 1.337670000000000000e+08
2.706293706293728452e+00 1.337960000000000000e+08
2.713286713286735541e+00 1.338260000000000000e+08
2.720279720279742630e+00 1.338150000000000000e+08
2.727272727272749719e+00 1.338430000000000000e+08
2.734265734265756809e+00 1.338510000000000000e+08
2.741258741258763898e+00 1.338860000000000000e+08
2.748251748251770987e+00 1.338770000000000000e+08
2.755244755244778077e+00 1.339400000000000000e+08
2.762237762237785166e+00 1.339620000000000000e+08
2.769230769230792255e+00 1.339800000000000000e+08
2.776223776223799344e+00 1.340070000000000000e+08
2.783216783216806434e+00 1.340060000000000000e+08
2.790209790209813523e+00 1.340200000000000000e+08
2.797202797202820612e+00 1.340530000000000000e+08
2.804195804195827701e+00 1.340560000000000000e+08
2.811188811188834791e+00 1.340950000000000000e+08
2.818181818181841880e+00 1.341090000000000000e+08
2.825174825174848969e+00 1.341160000000000000e+08
2.832167832167856059e+00 1.341370000000000000e+08
2.839160839160863148e+00 1.341670000000000000e+08
2.846153846153870237e+00 1.341870000000000000e+08
2.853146853146877326e+00 1.341970000000000000e+08
2.860139860139884416e+00 1.342160000000000000e+08
2.867132867132891505e+00 1.342690000000000000e+08
2.874125874125898594e+00 1.342670000000000000e+08
2.881118881118905684e+00 1.342750000000000000e+08
2.888111888111912773e+00 1.343230000000000000e+08
2.895104895104919862e+00 1.343250000000000000e+08
2.902097902097926951e+00 1.343260000000000000e+08
2.909090909090934041e+00 1.343620000000000000e+08
2.916083916083941130e+00 1.343580000000000000e+08
2.923076923076948219e+00 1.344150000000000000e+08
2.930069930069955308e+00 1.344210000000000000e+08
2.937062937062962398e+00 1.344380000000000000e+08
2.944055944055969487e+00 1.344570000000000000e+08
2.951048951048976576e+00 1.345000000000000000e+08
2.958041958041983666e+00 1.345240000000000000e+08
2.965034965034990755e+00 1.345250000000000000e+08
2.972027972027997844e+00 1.345320000000000000e+08
2.979020979021004933e+00 1.345660000000000000e+08
2.986013986014012023e+00 1.345920000000000000e+08
2.993006993007019112e+00 1.346130000000000000e+08
3.000000000000026201e+00 1.346410000000000000e+08
