0.000000000000000000e+00 1.000170000000000000e+08
1.796407185628742451e-02 1.262390000000000000e+08
3.592814371257484901e-02 1.263030000000000000e+08
5.389221556886227005e-02 1.263690000000000000e+08
7.185628742514969802e-02 1.263850000000000000e+08
8.982035928143712600e-02 1.264770000000000000e+08
1.077844311377245540e-01 1.264980000000000000e+08
1.257485029940119681e-01 1.265400000000000000e+08
1.437125748502993960e-01 1.266030000000000000e+08
1.616766467065868240e-01 1.266640000000000000e+08
1.796407185628742520e-01 1.266720000000000000e+08
1.976047904191616800e-01 1.267220000000000000e+08
2.155688622754491079e-01 1.267880000000000000e+08
2.335329341317365359e-01 1.268440000000000000e+08
2.514970059880239361e-01 1.268860000000000000e+08
2.694610778443113364e-01 1.269130000000000000e+08
2.874251497005987366e-01 1.269890000000000000e+08
3.053892215568861368e-01 1.270160000000000000e+08
3.233532934131735370e-01 1.270790000000000000e+08
3.413173652694609372e-01 1.271400000000000000e+08
3.592814371257483375e-01 1.271660000000000000e+08
3.772455089820357377e-01 1.272540000000000000e+08
3.952095808383231379e-01 1.272850000000000000e+08
4.131736526946105381e-01 1.273410000000000000e+08
4.311377245508979383e-01 1.273910000000000000e+08
4.491017964071853386e-01 1.274630000000000000e+08
4.670658682634727388e-01 1.274510000000000000e+08
4.850299401197601390e-01 1.275510000000000000e+08
5.029940119760475392e-01 1.275680000000000000e+08
5.209580838323349949e-01 1.276200000000000000e+08
5.389221556886224507e-01 1.276790000000000000e+08
5.568862275449099064e-01 1.277040000000000000e+08
5.748502994011973621e-01 1.277760000000000000e+08
5.928143712574848179e-01 1.278020000000000000e+08
6.107784431137722736e-01 1.278910000000000000e+08
6.287425149700597293e-01 1.279370000000000000e+08
6.467065868263471851e-01 1.279620000000000000e+08
6.646706586826346408e-01 1.280150000000000000e+08
6.826347305389220965e-01 1.280780000000000000e+08
7.005988023952095523e-01 1.281200000000000000e+08
7.185628742514970080e-01 1.281730000000000000e+08
7.365269461077844637e-01 1.282310000000000000e+08
7.544910179640719194e-01 1.282680000000000000e+08
7.724550898203593752e-01 1.283380000000000000e+08
7.904191616766468309e-01 1.283630000000000000e+08
8.083832335329342866e-01 1.283950000000000000e+08
8.263473053892217424e-01 1.284590000000000000e+08
8.443113772455091981e-01 1.285140000000000000e+08
8.622754491017966538e-01 1.285320000000000000e+08
8.802395209580841096e-01 1.286200000000000000e+08
8.982035928143715653e-01 1.286410000000000000e+08
9.161676646706590210e-01 1.286800000000000000e+08
9.341317365269464768e-01 1.287830000000000000e+08
9.520958083832339325e-01 1.288220000000000000e+08
9.700598802395213882e-01 1.288580000000000000e+08
9.880239520958088439e-01 1.289120000000000000e+08
1.005988023952096189e+00 1.289640000000000000e+08
1.023952095808383644e+00 1.290110000000000000e+08
1.041916167664671100e+00 1.290900000000000000e+08
1.059880239520958556e+00 1.291290000000000000e+08
1.077844311377246012e+00 1.291670000000000000e+08
1.095808383233533467e+00 1.292080000000000000e+08
1.113772455089820923e+00 1.292590000000000000e+08
1.131736526946108379e+00 1.293130000000000000e+08
1.149700598802395834e+00 1.293650000000000000e+08
1.167664670658683290e+00 1.293980000000000000e+08
1.185628742514970746e+00 1.294350000000000000e+08
1.203592814371258202e+00 1.295130000000000000e+08
1.221556886227545657e+00 1.295560000000000000e+08
1.239520958083833113e+00 1.295960000000000000e+08
1.257485029940120569e+00 1.296350000000000000e+08
1.275449101796408025e+00 1.297080000000000000e+08
1.293413173652695480e+00 1.297670000000000000e+08
1.311377245508982936e+00 1.298030000000000000e+08
1.329341317365270392e+00 1.298560000000000000e+08
1.347305389221557848e+00 1.299090000000000000e+08
1.365269461077845303e+00 1.299800000000000000e+08
1.383233532934132759e+00 1.299990000000000000e+08
1.401197604790420215e+00 1.300530000000000000e+08
1.419161676646707670e+00 1.301120000000000000e+08
1.437125748502995126e+00 1.301620000000000000e+08
1.455089820359282582e+00 1.302110000000000000e+08
1.473053892215570038e+00 1.302580000000000000e+08
1.491017964071857493e+00 1.303020000000000000e+08
1.508982035928144949e+00 1.303620000000000000e+08
1.526946107784432405e+00 1.304300000000000000e+08
1.544910179640719861e+00 1.304400000000000000e+08
1.562874251497007316e+00 1.305090000000000000e+08
1.580838323353294772e+00 1.305700000000000000e+08
1.598802395209582228e+00 1.305870000000000000e+08
1.616766467065869683e+00 1.306460000000000000e+08
1.634730538922157139e+00 1.307370000000000000e+08
1.652694610778444595e+00 1.307490000000000000e+08
1.670658682634732051e+00 1.308150000000000000e+08
1.688622754491019506e+00 1.308740000000000000e+08
1.706586826347306962e+00 1.309010000000000000e+08
1.724550898203594418e+00 1.309700000000000000e+08
1.742514970059881874e+00 1.310090000000000000e+08
1.760479041916169329e+00 1.310840000000000000e+08
1.778443113772456785e+00 1.311290000000000000e+08
1.796407185628744241e+00 1.311700000000000000e+08
1.814371257485031697e+00 1.312160000000000000e+08
1.832335329341319152e+00 1.312990000000000000e+08
1.850299401197606608e+00 1.313070000000000000e+08
1.868263473053894064e+00 1.313690000000000000e+08
1.886227544910181519e+00 1.314320000000000000e+08
1.904191616766468975e+00 1.314810000000000000e+08
1.922155688622756431e+00 1.315360000000000000e+08
1.940119760479043887e+00 1.315720000000000000e+08
1.958083832335331342e+00 1.316310000000000000e+08
1.976047904191618798e+00 1.316780000000000000e+08
1.994011976047906254e+00 1.317240000000000000e+08
2.011976047904193710e+00 1.317760000000000000e+08
2.029940119760480943e+00 1.318360000000000000e+08
2.047904191616768177e+00 1.318670000000000000e+08
2.065868263473055411e+00 1.319170000000000000e+08
2.083832335329342644e+00 1.319640000000000000e+08
2.101796407185629878e+00 1.319950000000000000e+08
2.119760479041917112e+00 1.320780000000000000e+08
2.137724550898204345e+00 1.321390000000000000e+08
2.155688622754491579e+00 1.321680000000000000e+08
2.173652694610778813e+00 1.322320000000000000e+08
2.191616766467066046e+00 1.322930000000000000e+08
2.209580838323353280e+00 1.323280000000000000e+08
2.227544910179640514e+00 1.323770000000000000e+08
2.245508982035927747e+00 1.324380000000000000e+08
2.263473053892214981e+00 1.324880000000000000e+08
2.281437125748502215e+00 1.324970000000000000e+08
2.299401197604789449e+00 1.325950000000000000e+08
2.317365269461076682e+00 1.326010000000000000e+08
2.335329341317363916e+00 1.327020000000000000e+08
2.353293413173651150e+00 1.327150000000000000e+08
2.371257485029938383e+00 1.327880000000000000e+08
2.389221556886225617e+00 1.328150000000000000e+08
2.407185628742512851e+00 1.329010000000000000e+08
2.425149700598800084e+00 1.329250000000000000e+08
2.443113772455087318e+00 1.329880000000000000e+08
2.461077844311374552e+00 1.330450000000000000e+08
2.479041916167661785e+00 1.330710000000000000e+08
2.497005988023949019e+00 1.331810000000000000e+08
2.514970059880236253e+00 1.331920000000000000e+08
2.532934131736523486e+00 1.332520000000000000e+08
2.550898203592810720e+00 1.332640000000000000e+08
2.568862275449097954e+00 1.333870000000000000e+08
2.586826347305385188e+00 1.333720000000000000e+08
2.604790419161672421e+00 1.334340000000000000e+08
2.622754491017959655e+00 1.334760000000000000e+08
2.640718562874246889e+00 1.335280000000000000e+08
2.658682634730534122e+00 1.336150000000000000e+08
2.676646706586821356e+00 1.336800000000000000e+08
2.694610778443108590e+00 1.337160000000000000e+08
2.712574850299395823e+00 1.337700000000000000e+08
2.730538922155683057e+00 1.338170000000000000e+08
2.748502994011970291e+00 1.339090000000000000e+08
2.766467065868257524e+00 1.339070000000000000e+08
2.784431137724544758e+00 1.339760000000000000e+08
2.802395209580831992e+00 1.340240000000000000e+08
2.820359281437119225e+00 1.340870000000000000e+08
2.838323353293406459e+00 1.341160000000000000e+08
2.856287425149693693e+00 1.341500000000000000e+08
2.874251497005980927e+00 1.342050000000000000e+08
2.892215568862268160e+00 1.342860000000000000e+08
2.910179640718555394e+00 1.343290000000000000e+08
2.928143712574842628e+00 1.343880000000000000e+08
2.946107784431129861e+00 1.344270000000000000e+08
2.964071856287417095e+00 1.344970000000000000e+08
2.982035928143704329e+00 1.345390000000000000e+08
2.999999999999991562e+00 1.345640000000000000e+08
