0.000000000000000000e+00 1.000170000000000000e+08
6.818181818181817677e-02 1.262770000000000000e+08
1.363636363636363535e-01 1.264290000000000000e+08
2.045454545454545303e-01 1.266330000000000000e+08
2.727272727272727071e-01 1.268180000000000000e+08
3.409090909090908839e-01 1.269920000000000000e+08
4.090909090909090606e-01 1.271790000000000000e+08
4.772727272727272374e-01 1.273890000000000000e+08
5.454545454545454142e-01 1.275330000000000000e+08
6.136363636363635354e-01 1.277380000000000000e+08
6.818181818181816567e-01 1.279330000000000000e+08
7.499999999999997780e-01 1.281120000000000000e+08
8.181818181818178992e-01 1.283070000000000000e+08
8.863636363636360205e-01 1.284890000000000000e+08
9.545454545454541417e-01 1.286820000000000000e+08
1.022727272727272263e+00 1.288730000000000000e+08
1.090909090909090384e+00 1.290260000000000000e+08
1.159090909090908506e+00 1.292390000000000000e+08
1.227272727272726627e+00 1.294230000000000000e+08
1.295454545454544748e+00 1.296270000000000000e+08
1.363636363636362869e+00 1.298100000000000000e+08
1.431818181818180991e+00 1.300170000000000000e+08
1.499999999999999112e+00 1.302010000000000000e+08
1.568181818181817233e+00 1.303780000000000000e+08
1.636363636363635354e+00 1.305730000000000000e+08
1.704545454545453476e+00 1.307520000000000000e+08
1.772727272727271597e+00 1.309400000000000000e+08
1.840909090909089718e+00 1.311160000000000000e+08
1.909090909090907839e+00 1.313480000000000000e+08
1.977272727272725961e+00 1.315080000000000000e+08
2.045454545454544082e+00 1.317000000000000000e+08
2.113636363636362425e+00 1.319210000000000000e+08
2.181818181818180769e+00 1.320640000000000000e+08
2.249999999999999112e+00 1.322890000000000000e+08
2.318181818181817455e+00 1.324800000000000000e+08
2.386363636363635798e+00 1.326660000000000000e+08
2.454545454545454142e+00 1.328630000000000000e+08
2.522727272727272485e+00 1.330600000000000000e+08
2.590909090909090828e+00 1.332550000000000000e+08
2.659090909090909172e+00 1.334880000000000000e+08
2.727272727272727515e+00 1.336330000000000000e+08
2.795454545454545858e+00 1.338310000000000000e+08
2.863636363636364202e+00 1.340470000000000000e+08
2.931818181818182545e+00 1.342860000000000000e+08
3.000000000000000888e+00 1.344160000000000000e+08
