0.000000000000000000e+00 1.000170000000000000e+08
1.020408163265306041e-02 1.262640000000000000e+08
2.040816326530612082e-02 1.262930000000000000e+08
3.061224489795918297e-02 1.263200000000000000e+08
4.081632653061224164e-02 1.263440000000000000e+08
5.102040816326530032e-02 1.263480000000000000e+08
6.122448979591835899e-02 1.263950000000000000e+08
7.142857142857142461e-02 1.264250000000000000e+08
8.163265306122448328e-02 1.264530000000000000e+08
9.183673469387754196e-02 1.264990000000000000e+08
1.020408163265306006e-01 1.264850000000000000e+08
1.122448979591836593e-01 1.265510000000000000e+08
1.224489795918367180e-01 1.265650000000000000e+08
1.326530612244897767e-01 1.265990000000000000e+08
1.428571428571428492e-01 1.266570000000000000e+08
1.530612244897959218e-01 1.266600000000000000e+08
1.632653061224489943e-01 1.266640000000000000e+08
1.734693877551020669e-01 1.267150000000000000e+08
1.836734693877551394e-01 1.267440000000000000e+08
1.938775510204082120e-01 1.267640000000000000e+08
2.040816326530612845e-01 1.267600000000000000e+08
2.142857142857143571e-01 1.268300000000000000e+08
2.244897959183674296e-01 1.268160000000000000e+08
2.346938775510205022e-01 1.268850000000000000e+08
2.448979591836735747e-01 1.268770000000000000e+08
2.551020408163266473e-01 1.269120000000000000e+08
2.653061224489797199e-01 1.269210000000000000e+08
2.755102040816327924e-01 1.269900000000000000e+08
2.857142857142858650e-01 1.269880000000000000e+08
2.959183673469389375e-01 1.270490000000000000e+08
3.061224489795920101e-01 1.270800000000000000e+08
3.163265306122450826e-01 1.270670000000000000e+08
3.265306122448981552e-01 1.271150000000000000e+08
3.367346938775512277e-01 1.271580000000000000e+08
3.469387755102043003e-01 1.271720000000000000e+08
3.571428571428573728e-01 1.272020000000000000e+08
3.673469387755104454e-01 1.272090000000000000e+08
3.775510204081635179e-01 1.272660000000000000e+08
3.877551020408165905e-01 1.273090000000000000e+08
3.979591836734696630e-01 1.273090000000000000e+08
4.081632653061227356e-01 1.273200000000000000e+08
4.183673469387758082e-01 1.273810000000000000e+08
4.285714285714288807e-01 1.274200000000000000e+08
4.387755102040819533e-01 1.274390000000000000e+08
4.489795918367350258e-01 1.274610000000000000e+08
4.591836734693880984e-01 1.274950000000000000e+08
4.693877551020411709e-01 1.275400000000000000e+08
4.795918367346942435e-01 1.275380000000000000e+08
4.897959183673473160e-01 1.275730000000000000e+08
5.000000000000003331e-01 1.276120000000000000e+08
5.102040816326534056e-01 1.276180000000000000e+08
5.204081632653064782e-01 1.276380000000000000e+08
5.306122448979595507e-01 1.276740000000000000e+08
5.408163265306126233e-01 1.277170000000000000e+08
5.510204081632656958e-01 1.277160000000000000e+08
5.612244897959187684e-01 1.277630000000000000e+08
5.714285714285718409e-01 1.278000000000000000e+08
5.816326530612249135e-01 1.278240000000000000e+08
5.918367346938779860e-01 1.278440000000000000e+08
6.020408163265310586e-01 1.278900000000000000e+08
6.122448979591841312e-01 1.278990000000000000e+08
6.224489795918372037e-01 1.279240000000000000e+08
6.326530612244902763e-01 1.279620000000000000e+08
6.428571428571433488e-01 1.279600000000000000e+08
6.530612244897964214e-01 1.279840000000000000e+08
6.632653061224494939e-01 1.280370000000000000e+08
6.734693877551025665e-01 1.280760000000000000e+08
6.836734693877556390e-01 1.281110000000000000e+08
6.938775510204087116e-01 1.281250000000000000e+08
7.040816326530617841e-01 1.281640000000000000e+08
7.142857142857148567e-01 1.281820000000000000e+08
7.244897959183679292e-01 1.282170000000000000e+08
7.346938775510210018e-01 1.282380000000000000e+08
7.448979591836740743e-01 1.282920000000000000e+08
7.551020408163271469e-01 1.282970000000000000e+08
7.653061224489802195e-01 1.282940000000000000e+08
7.755102040816332920e-01 1.283470000000000000e+08
7.857142857142863646e-01 1.283820000000000000e+08
7.959183673469394371e-01 1.284200000000000000e+08
8.061224489795925097e-01 1.284360000000000000e+08
8.163265306122455822e-01 1.284230000000000000e+08
8.265306122448986548e-01 1.284860000000000000e+08
8.367346938775517273e-01 1.285220000000000000e+08
8.469387755102047999e-01 1.285620000000000000e+08
8.571428571428578724e-01 1.285690000000000000e+08
8.673469387755109450e-01 1.286030000000000000e+08
8.775510204081640175e-01 1.286270000000000000e+08
8.877551020408170901e-01 1.286580000000000000e+08
8.979591836734701626e-01 1.286810000000000000e+08
9.081632653061232352e-01 1.287110000000000000e+08
9.183673469387763078e-01 1.287660000000000000e+08
9.285714285714293803e-01 1.287690000000000000e+08
9.387755102040824529e-01 1.288120000000000000e+08
9.489795918367355254e-01 1.288330000000000000e+08
9.591836734693885980e-01 1.288700000000000000e+08
9.693877551020416705e-01 1.288820000000000000e+08
9.795918367346947431e-01 1.289100000000000000e+08
9.897959183673478156e-01 1.289530000000000000e+08
1.000000000000000888e+00 1.289680000000000000e+08
1.010204081632653850e+00 1.289950000000000000e+08
1.020408163265306811e+00 1.290320000000000000e+08
1.030612244897959773e+00 1.290590000000000000e+08
1.040816326530612734e+00 1.290830000000000000e+08
1.051020408163265696e+00 1.290760000000000000e+08
1.061224489795918657e+00 1.291430000000000000e+08
1.071428571428571619e+00 1.291420000000000000e+08
1.081632653061224580e+00 1.291990000000000000e+08
1.091836734693877542e+00 1.292280000000000000e+08
1.102040816326530503e+00 1.292560000000000000e+08
1.112244897959183465e+00 1.292920000000000000e+08
1.122448979591836427e+00 1.293000000000000000e+08
1.132653061224489388e+00 1.293790000000000000e+08
1.142857142857142350e+00 1.293720000000000000e+08
1.153061224489795311e+00 1.293850000000000000e+08
1.163265306122448273e+00 1.294380000000000000e+08
1.173469387755101234e+00 1.294710000000000000e+08
1.183673469387754196e+00 1.294760000000000000e+08
1.193877551020407157e+00 1.294770000000000000e+08
1.204081632653060119e+00 1.295360000000000000e+08
1.214285714285713080e+00 1.295630000000000000e+08
1.224489795918366042e+00 1.296030000000000000e+08
1.234693877551019003e+00 1.296430000000000000e+08
1.244897959183671965e+00 1.296720000000000000e+08
1.255102040816324926e+00 1.296730000000000000e+08
1.265306122448977888e+00 1.297130000000000000e+08
1.275510204081630850e+00 1.297320000000000000e+08
1.285714285714283811e+00 1.298010000000000000e+08
1.295918367346936773e+00 1.297640000000000000e+08
1.306122448979589734e+00 1.297940000000000000e+08
1.316326530612242696e+00 1.298510000000000000e+08
1.326530612244895657e+00 1.298920000000000000e+08
1.336734693877548619e+00 1.298950000000000000e+08
1.346938775510201580e+00 1.299700000000000000e+08
1.357142857142854542e+00 1.299540000000000000e+08
1.367346938775507503e+00 1.299840000000000000e+08
1.377551020408160465e+00 1.299930000000000000e+08
1.387755102040813426e+00 1.300420000000000000e+08
1.397959183673466388e+00 1.300710000000000000e+08
1.408163265306119349e+00 1.300690000000000000e+08
1.418367346938772311e+00 1.301480000000000000e+08
1.428571428571425272e+00 1.301630000000000000e+08
1.438775510204078234e+00 1.301850000000000000e+08
1.448979591836731196e+00 1.302300000000000000e+08
1.459183673469384157e+00 1.302150000000000000e+08
1.469387755102037119e+00 1.302390000000000000e+08
1.479591836734690080e+00 1.302960000000000000e+08
1.489795918367343042e+00 1.303000000000000000e+08
1.499999999999996003e+00 1.303720000000000000e+08
1.510204081632648965e+00 1.303820000000000000e+08
1.520408163265301926e+00 1.304420000000000000e+08
1.530612244897954888e+00 1.304530000000000000e+08
1.540816326530607849e+00 1.304500000000000000e+08
1.551020408163260811e+00 1.305210000000000000e+08
1.561224489795913772e+00 1.305320000000000000e+08
1.571428571428566734e+00 1.305390000000000000e+08
1.581632653061219695e+00 1.305900000000000000e+08
1.591836734693872657e+00 1.306160000000000000e+08
1.602040816326525619e+00 1.306770000000000000e+08
1.612244897959178580e+00 1.306810000000000000e+08
1.622448979591831542e+00 1.307060000000000000e+08
1.632653061224484503e+00 1.307300000000000000e+08
1.642857142857137465e+00 1.307590000000000000e+08
1.653061224489790426e+00 1.307940000000000000e+08
1.663265306122443388e+00 1.308170000000000000e+08
1.673469387755096349e+00 1.308570000000000000e+08
1.683673469387749311e+00 1.308430000000000000e+08
1.693877551020402272e+00 1.309050000000000000e+08
1.704081632653055234e+00 1.309460000000000000e+08
1.714285714285708195e+00 1.309520000000000000e+08
1.724489795918361157e+00 1.310000000000000000e+08
1.734693877551014118e+00 1.310190000000000000e+08
1.744897959183667080e+00 1.310440000000000000e+08
1.755102040816320041e+00 1.310640000000000000e+08
1.765306122448973003e+00 1.310710000000000000e+08
1.775510204081625965e+00 1.311350000000000000e+08
1.785714285714278926e+00 1.311600000000000000e+08
1.795918367346931888e+00 1.311780000000000000e+08
1.806122448979584849e+00 1.311950000000000000e+08
1.816326530612237811e+00 1.312490000000000000e+08
1.826530612244890772e+00 1.312400000000000000e+08
1.836734693877543734e+00 1.312780000000000000e+08
1.846938775510196695e+00 1.313500000000000000e+08
1.857142857142849657e+00 1.313580000000000000e+08
1.867346938775502618e+00 1.313870000000000000e+08
1.877551020408155580e+00 1.314410000000000000e+08
1.887755102040808541e+00 1.314430000000000000e+08
1.897959183673461503e+00 1.314880000000000000e+08
1.908163265306114464e+00 1.315020000000000000e+08
1.918367346938767426e+00 1.315250000000000000e+08
1.928571428571420387e+00 1.315610000000000000e+08
1.938775510204073349e+00 1.315920000000000000e+08
1.948979591836726311e+00 1.316300000000000000e+08
1.959183673469379272e+00 1.316370000000000000e+08
1.969387755102032234e+00 1.316600000000000000e+08
1.979591836734685195e+00 1.317150000000000000e+08
1.989795918367338157e+00 1.317110000000000000e+08
1.999999999999991118e+00 1.317640000000000000e+08
2.010204081632644080e+00 1.317980000000000000e+08
2.020408163265297041e+00 1.318390000000000000e+08
2.030612244897950003e+00 1.318480000000000000e+08
2.040816326530602964e+00 1.318740000000000000e+08
2.051020408163255926e+00 1.319010000000000000e+08
2.061224489795908887e+00 1.319300000000000000e+08
2.071428571428561849e+00 1.319580000000000000e+08
2.081632653061214810e+00 1.319950000000000000e+08
2.091836734693867772e+00 1.320160000000000000e+08
2.102040816326520734e+00 1.320670000000000000e+08
2.112244897959173695e+00 1.320720000000000000e+08
2.122448979591826657e+00 1.321180000000000000e+08
2.132653061224479618e+00 1.321090000000000000e+08
2.142857142857132580e+00 1.321590000000000000e+08
2.153061224489785541e+00 1.322120000000000000e+08
2.163265306122438503e+00 1.322000000000000000e+08
2.173469387755091464e+00 1.322800000000000000e+08
2.183673469387744426e+00 1.322910000000000000e+08
2.193877551020397387e+00 1.323190000000000000e+08
2.204081632653050349e+00 1.323220000000000000e+08
2.214285714285703310e+00 1.323980000000000000e+08
2.224489795918356272e+00 1.323920000000000000e+08
2.234693877551009233e+00 1.324360000000000000e+08
2.244897959183662195e+00 1.324610000000000000e+08
2.255102040816315156e+00 1.324890000000000000e+08
2.265306122448968118e+00 1.325170000000000000e+08
2.275510204081621080e+00 1.325500000000000000e+08
2.285714285714274041e+00 1.325690000000000000e+08
2.295918367346927003e+00 1.326080000000000000e+08
2.306122448979579964e+00 1.326470000000000000e+08
2.316326530612232926e+00 1.326700000000000000e+08
2.326530612244885887e+00 1.327220000000000000e+08
2.336734693877538849e+00 1.327300000000000000e+08
2.346938775510191810e+00 1.327320000000000000e+08
2.357142857142844772e+00 1.327830000000000000e+08
2.367346938775497733e+00 1.328160000000000000e+08
2.377551020408150695e+00 1.328180000000000000e+08
2.387755102040803656e+00 1.328730000000000000e+08
2.397959183673456618e+00 1.328970000000000000e+08
2.408163265306109579e+00 1.329200000000000000e+08
2.418367346938762541e+00 1.329420000000000000e+08
2.428571428571415503e+00 1.329640000000000000e+08
2.438775510204068464e+00 1.330170000000000000e+08
2.448979591836721426e+00 1.330340000000000000e+08
2.459183673469374387e+00 1.330450000000000000e+08
2.469387755102027349e+00 1.331020000000000000e+08
2.479591836734680310e+00 1.331140000000000000e+08
2.489795918367333272e+00 1.331740000000000000e+08
2.499999999999986233e+00 1.331800000000000000e+08
2.510204081632639195e+00 1.332000000000000000e+08
2.520408163265292156e+00 1.332410000000000000e+08
2.530612244897945118e+00 1.332730000000000000e+08
2.540816326530598079e+00 1.333090000000000000e+08
2.551020408163251041e+00 1.333460000000000000e+08
2.561224489795904002e+00 1.333610000000000000e+08
2.571428571428556964e+00 1.334060000000000000e+08
2.581632653061209925e+00 1.334470000000000000e+08
2.591836734693862887e+00 1.334660000000000000e+08
2.602040816326515849e+00 1.334430000000000000e+08
2.612244897959168810e+00 1.335060000000000000e+08
2.622448979591821772e+00 1.335210000000000000e+08
2.632653061224474733e+00 1.335270000000000000e+08
2.642857142857127695e+00 1.335670000000000000e+08
2.653061224489780656e+00 1.336020000000000000e+08
2.663265306122433618e+00 1.336700000000000000e+08
2.673469387755086579e+00 1.336780000000000000e+08
2.683673469387739541e+00 1.337190000000000000e+08
2.693877551020392502e+00 1.336990000000000000e+08
2.704081632653045464e+00 1.337640000000000000e+08
2.714285714285698425e+00 1.337980000000000000e+08
2.724489795918351387e+00 1.338410000000000000e+08
2.734693877551004348e+00 1.338540000000000000e+08
2.744897959183657310e+00 1.338520000000000000e+08
2.755102040816310272e+00 1.339210000000000000e+08
2.765306122448963233e+00 1.339560000000000000e+08
2.775510204081616195e+00 1.339770000000000000e+08
2.785714285714269156e+00 1.340040000000000000e+08
2.795918367346922118e+00 1.340260000000000000e+08
2.806122448979575079e+00 1.340640000000000000e+08
2.816326530612228041e+00 1.340640000000000000e+08
2.826530612244881002e+00 1.341210000000000000e+08
2.836734693877533964e+00 1.341480000000000000e+08
2.846938775510186925e+00 1.342010000000000000e+08
2.857142857142839887e+00 1.342050000000000000e+08
2.867346938775492848e+00 1.342420000000000000e+08
2.877551020408145810e+00 1.342850000000000000e+08
2.887755102040798771e+00 1.343070000000000000e+08
2.897959183673451733e+00 1.343280000000000000e+08
2.908163265306104694e+00 1.343610000000000000e+08
2.918367346938757656e+00 1.343790000000000000e+08
2.928571428571410618e+00 1.344210000000000000e+08
2.938775510204063579e+00 1.344400000000000000e+08
2.948979591836716541e+00 1.344910000000000000e+08
2.959183673469369502e+00 1.345000000000000000e+08
2.969387755102022464e+00 1.345350000000000000e+08
2.979591836734675425e+00 1.345690000000000000e+08
2.989795918367328387e+00 1.345930000000000000e+08
2.999999999999981348e+00 1.346390000000000000e+08
