0.000000000000000000e+00 1.000170000000000000e+08
4.799999999999999580e-03 1.262640000000000000e+08
9.599999999999999159e-03 1.262530000000000000e+08
1.439999999999999961e-02 1.263040000000000000e+08
1.919999999999999832e-02 1.262910000000000000e+08
2.399999999999999703e-02 1.263080000000000000e+08
2.879999999999999574e-02 1.263490000000000000e+08
3.359999999999999792e-02 1.263420000000000000e+08
3.839999999999999664e-02 1.263500000000000000e+08
4.319999999999999535e-02 1.263710000000000000e+08
4.799999999999999406e-02 1.263810000000000000e+08
5.279999999999999277e-02 1.264310000000000000e+08
5.759999999999999148e-02 1.264020000000000000e+08
6.239999999999999020e-02 1.264280000000000000e+08
6.719999999999999585e-02 1.264440000000000000e+08
7.199999999999999456e-02 1.264500000000000000e+08
7.679999999999999327e-02 1.264630000000000000e+08
8.159999999999999198e-02 1.264700000000000000e+08
8.639999999999999070e-02 1.264550000000000000e+08
9.119999999999998941e-02 1.264980000000000000e+08
9.599999999999998812e-02 1.265280000000000000e+08
1.007999999999999868e-01 1.265350000000000000e+08
1.055999999999999855e-01 1.265700000000000000e+08
1.103999999999999843e-01 1.265150000000000000e+08
1.151999999999999830e-01 1.265790000000000000e+08
1.199999999999999817e-01 1.265680000000000000e+08
1.247999999999999804e-01 1.265860000000000000e+08
1.295999999999999930e-01 1.265680000000000000e+08
1.343999999999999917e-01 1.266230000000000000e+08
1.391999999999999904e-01 1.266000000000000000e+08
1.439999999999999891e-01 1.266380000000000000e+08
1.487999999999999878e-01 1.266670000000000000e+08
1.535999999999999865e-01 1.266670000000000000e+08
1.583999999999999853e-01 1.266760000000000000e+08
1.631999999999999840e-01 1.266930000000000000e+08
1.679999999999999827e-01 1.266750000000000000e+08
1.727999999999999814e-01 1.267260000000000000e+08
1.775999999999999801e-01 1.267000000000000000e+08
1.823999999999999788e-01 1.267470000000000000e+08
1.871999999999999775e-01 1.267570000000000000e+08
1.919999999999999762e-01 1.267980000000000000e+08
1.967999999999999750e-01 1.267740000000000000e+08
2.015999999999999737e-01 1.267680000000000000e+08
2.063999999999999724e-01 1.268300000000000000e+08
2.111999999999999711e-01 1.268210000000000000e+08
2.159999999999999698e-01 1.268290000000000000e+08
2.207999999999999685e-01 1.268410000000000000e+08
2.255999999999999672e-01 1.268540000000000000e+08
2.303999999999999659e-01 1.268860000000000000e+08
2.351999999999999647e-01 1.268820000000000000e+08
2.399999999999999634e-01 1.268900000000000000e+08
2.447999999999999621e-01 1.269030000000000000e+08
2.495999999999999608e-01 1.269330000000000000e+08
2.543999999999999595e-01 1.269480000000000000e+08
2.591999999999999860e-01 1.269440000000000000e+08
2.640000000000000124e-01 1.269620000000000000e+08
2.688000000000000389e-01 1.269830000000000000e+08
2.736000000000000654e-01 1.269880000000000000e+08
2.784000000000000918e-01 1.270060000000000000e+08
2.832000000000001183e-01 1.270180000000000000e+08
2.880000000000001448e-01 1.270410000000000000e+08
2.928000000000001712e-01 1.270390000000000000e+08
2.976000000000001977e-01 1.270300000000000000e+08
3.024000000000002242e-01 1.270720000000000000e+08
3.072000000000002506e-01 1.270860000000000000e+08
3.120000000000002771e-01 1.270720000000000000e+08
3.168000000000003036e-01 1.271170000000000000e+08
3.216000000000003300e-01 1.271130000000000000e+08
3.264000000000003565e-01 1.271330000000000000e+08
3.312000000000003830e-01 1.271510000000000000e+08
3.360000000000004095e-01 1.271540000000000000e+08
3.408000000000004359e-01 1.271870000000000000e+08
3.456000000000004624e-01 1.271630000000000000e+08
3.504000000000004889e-01 1.272050000000000000e+08
3.552000000000005153e-01 1.272250000000000000e+08
3.600000000000005418e-01 1.272300000000000000e+08
3.648000000000005683e-01 1.272650000000000000e+08
3.696000000000005947e-01 1.272460000000000000e+08
3.744000000000006212e-01 1.272750000000000000e+08
3.792000000000006477e-01 1.272810000000000000e+08
3.840000000000006741e-01 1.272870000000000000e+08
3.888000000000007006e-01 1.273090000000000000e+08
3.936000000000007271e-01 1.273160000000000000e+08
3.984000000000007535e-01 1.273510000000000000e+08
4.032000000000007800e-01 1.273510000000000000e+08
4.080000000000008065e-01 1.273440000000000000e+08
4.128000000000008329e-01 1.273520000000000000e+08
4.176000000000008594e-01 1.273970000000000000e+08
4.224000000000008859e-01 1.273930000000000000e+08
4.272000000000009123e-01 1.274160000000000000e+08
4.320000000000009388e-01 1.274380000000000000e+08
4.368000000000009653e-01 1.274420000000000000e+08
4.416000000000009917e-01 1.274510000000000000e+08
4.464000000000010182e-01 1.274860000000000000e+08
4.512000000000010447e-01 1.274770000000000000e+08
4.560000000000010711e-01 1.274910000000000000e+08
4.608000000000010976e-01 1.275100000000000000e+08
4.656000000000011241e-01 1.275050000000000000e+08
4.704000000000011505e-01 1.275280000000000000e+08
4.752000000000011770e-01 1.275600000000000000e+08
4.800000000000012035e-01 1.275470000000000000e+08
4.848000000000012299e-01 1.275660000000000000e+08
4.896000000000012564e-01 1.275840000000000000e+08
4.944000000000012829e-01 1.276000000000000000e+08
4.992000000000013094e-01 1.276160000000000000e+08
5.040000000000013358e-01 1.276400000000000000e+08
5.088000000000013623e-01 1.276240000000000000e+08
5.136000000000013888e-01 1.276350000000000000e+08
5.184000000000014152e-01 1.276520000000000000e+08
5.232000000000014417e-01 1.276690000000000000e+08
5.280000000000014682e-01 1.276860000000000000e+08
5.328000000000014946e-01 1.276990000000000000e+08
5.376000000000015211e-01 1.277130000000000000e+08
5.424000000000015476e-01 1.277170000000000000e+08
5.472000000000015740e-01 1.277460000000000000e+08
5.520000000000016005e-01 1.277710000000000000e+08
5.568000000000016270e-01 1.277740000000000000e+08
5.616000000000016534e-01 1.277750000000000000e+08
5.664000000000016799e-01 1.277990000000000000e+08
5.712000000000017064e-01 1.277730000000000000e+08
5.760000000000017328e-01 1.278360000000000000e+08
5.808000000000017593e-01 1.278480000000000000e+08
5.856000000000017858e-01 1.278590000000000000e+08
5.904000000000018122e-01 1.278550000000000000e+08
5.952000000000018387e-01 1.278660000000000000e+08
6.000000000000018652e-01 1.278590000000000000e+08
6.048000000000018916e-01 1.279050000000000000e+08
6.096000000000019181e-01 1.278860000000000000e+08
6.144000000000019446e-01 1.279030000000000000e+08
6.192000000000019710e-01 1.279340000000000000e+08
6.240000000000019975e-01 1.279470000000000000e+08
6.288000000000020240e-01 1.279610000000000000e+08
6.336000000000020504e-01 1.279840000000000000e+08
6.384000000000020769e-01 1.280010000000000000e+08
6.432000000000021034e-01 1.280250000000000000e+08
6.480000000000021299e-01 1.280380000000000000e+08
6.528000000000021563e-01 1.280520000000000000e+08
6.576000000000021828e-01 1.280490000000000000e+08
6.624000000000022093e-01 1.280580000000000000e+08
6.672000000000022357e-01 1.280650000000000000e+08
6.720000000000022622e-01 1.280750000000000000e+08
6.768000000000022887e-01 1.280660000000000000e+08
6.816000000000023151e-01 1.281160000000000000e+08
6.864000000000023416e-01 1.281350000000000000e+08
6.912000000000023681e-01 1.281290000000000000e+08
6.960000000000023945e-01 1.281460000000000000e+08
7.008000000000024210e-01 1.281680000000000000e+08
7.056000000000024475e-01 1.281760000000000000e+08
7.104000000000024739e-01 1.282000000000000000e+08
7.152000000000025004e-01 1.282130000000000000e+08
7.200000000000025269e-01 1.282200000000000000e+08
7.248000000000025533e-01 1.282210000000000000e+08
7.296000000000025798e-01 1.282390000000000000e+08
7.344000000000026063e-01 1.282330000000000000e+08
7.392000000000026327e-01 1.282820000000000000e+08
7.440000000000026592e-01 1.282830000000000000e+08
7.488000000000026857e-01 1.282830000000000000e+08
7.536000000000027121e-01 1.282740000000000000e+08
7.584000000000027386e-01 1.283190000000000000e+08
7.632000000000027651e-01 1.282990000000000000e+08
7.680000000000027915e-01 1.283490000000000000e+08
7.728000000000028180e-01 1.283500000000000000e+08
7.776000000000028445e-01 1.283620000000000000e+08
7.824000000000028709e-01 1.283840000000000000e+08
7.872000000000028974e-01 1.283650000000000000e+08
7.920000000000029239e-01 1.284100000000000000e+08
7.968000000000029504e-01 1.284320000000000000e+08
8.016000000000029768e-01 1.284390000000000000e+08
8.064000000000030033e-01 1.284550000000000000e+08
8.112000000000030298e-01 1.284850000000000000e+08
8.160000000000030562e-01 1.284820000000000000e+08
8.208000000000030827e-01 1.285070000000000000e+08
8.256000000000031092e-01 1.285180000000000000e+08
8.304000000000031356e-01 1.285090000000000000e+08
8.352000000000031621e-01 1.285070000000000000e+08
8.400000000000031886e-01 1.285420000000000000e+08
8.448000000000032150e-01 1.285520000000000000e+08
8.496000000000032415e-01 1.285710000000000000e+08
8.544000000000032680e-01 1.285790000000000000e+08
8.592000000000032944e-01 1.285950000000000000e+08
8.640000000000033209e-01 1.285660000000000000e+08
8.688000000000033474e-01 1.285990000000000000e+08
8.736000000000033738e-01 1.286470000000000000e+08
8.784000000000034003e-01 1.286390000000000000e+08
8.832000000000034268e-01 1.286590000000000000e+08
8.880000000000034532e-01 1.286800000000000000e+08
8.928000000000034797e-01 1.286870000000000000e+08
8.976000000000035062e-01 1.286920000000000000e+08
9.024000000000035326e-01 1.287440000000000000e+08
9.072000000000035591e-01 1.287320000000000000e+08
9.120000000000035856e-01 1.287200000000000000e+08
9.168000000000036120e-01 1.287490000000000000e+08
9.216000000000036385e-01 1.287640000000000000e+08
9.264000000000036650e-01 1.288000000000000000e+08
9.312000000000036914e-01 1.287970000000000000e+08
9.360000000000037179e-01 1.287950000000000000e+08
9.408000000000037444e-01 1.288230000000000000e+08
9.456000000000037709e-01 1.288500000000000000e+08
9.504000000000037973e-01 1.288180000000000000e+08
9.552000000000038238e-01 1.288730000000000000e+08
9.600000000000038503e-01 1.288930000000000000e+08
9.648000000000038767e-01 1.288790000000000000e+08
9.696000000000039032e-01 1.289270000000000000e+08
9.744000000000039297e-01 1.289060000000000000e+08
9.792000000000039561e-01 1.289290000000000000e+08
9.840000000000039826e-01 1.289580000000000000e+08
9.888000000000040091e-01 1.289480000000000000e+08
9.936000000000040355e-01 1.289720000000000000e+08
9.984000000000040620e-01 1.289940000000000000e+08
1.003200000000004088e+00 1.289910000000000000e+08
1.008000000000004004e+00 1.289810000000000000e+08
1.012800000000003919e+00 1.290220000000000000e+08
1.017600000000003835e+00 1.290370000000000000e+08
1.022400000000003750e+00 1.290450000000000000e+08
1.027200000000003666e+00 1.290730000000000000e+08
1.032000000000003581e+00 1.291090000000000000e+08
1.036800000000003497e+00 1.290630000000000000e+08
1.041600000000003412e+00 1.291080000000000000e+08
1.046400000000003327e+00 1.291110000000000000e+08
1.051200000000003243e+00 1.291300000000000000e+08
1.056000000000003158e+00 1.291100000000000000e+08
1.060800000000003074e+00 1.291500000000000000e+08
1.065600000000002989e+00 1.291620000000000000e+08
1.070400000000002905e+00 1.291840000000000000e+08
1.075200000000002820e+00 1.291940000000000000e+08
1.080000000000002736e+00 1.291930000000000000e+08
1.084800000000002651e+00 1.292180000000000000e+08
1.089600000000002566e+00 1.292020000000000000e+08
1.094400000000002482e+00 1.292640000000000000e+08
1.099200000000002397e+00 1.292670000000000000e+08
1.104000000000002313e+00 1.292820000000000000e+08
1.108800000000002228e+00 1.292840000000000000e+08
1.113600000000002144e+00 1.292960000000000000e+08
1.118400000000002059e+00 1.293150000000000000e+08
1.123200000000001975e+00 1.293390000000000000e+08
1.128000000000001890e+00 1.293100000000000000e+08
1.132800000000001805e+00 1.293590000000000000e+08
1.137600000000001721e+00 1.293750000000000000e+08
1.142400000000001636e+00 1.293900000000000000e+08
1.147200000000001552e+00 1.293830000000000000e+08
1.152000000000001467e+00 1.293990000000000000e+08
1.156800000000001383e+00 1.294370000000000000e+08
1.161600000000001298e+00 1.294160000000000000e+08
1.166400000000001214e+00 1.294430000000000000e+08
1.171200000000001129e+00 1.294410000000000000e+08
1.176000000000001044e+00 1.294390000000000000e+08
1.180800000000000960e+00 1.294630000000000000e+08
1.185600000000000875e+00 1.294890000000000000e+08
1.190400000000000791e+00 1.295030000000000000e+08
1.195200000000000706e+00 1.295360000000000000e+08
1.200000000000000622e+00 1.295090000000000000e+08
1.204800000000000537e+00 1.295300000000000000e+08
1.209600000000000453e+00 1.295590000000000000e+08
1.214400000000000368e+00 1.295780000000000000e+08
1.219200000000000284e+00 1.295740000000000000e+08
1.224000000000000199e+00 1.296330000000000000e+08
1.228800000000000114e+00 1.296400000000000000e+08
1.233600000000000030e+00 1.296330000000000000e+08
1.238399999999999945e+00 1.296610000000000000e+08
1.243199999999999861e+00 1.296540000000000000e+08
1.247999999999999776e+00 1.296950000000000000e+08
1.252799999999999692e+00 1.297270000000000000e+08
1.257599999999999607e+00 1.297150000000000000e+08
1.262399999999999523e+00 1.297580000000000000e+08
1.267199999999999438e+00 1.297260000000000000e+08
1.271999999999999353e+00 1.297060000000000000e+08
1.276799999999999269e+00 1.297890000000000000e+08
1.281599999999999184e+00 1.297550000000000000e+08
1.286399999999999100e+00 1.297970000000000000e+08
1.291199999999999015e+00 1.297800000000000000e+08
1.295999999999998931e+00 1.298010000000000000e+08
1.300799999999998846e+00 1.298340000000000000e+08
1.305599999999998762e+00 1.298070000000000000e+08
1.310399999999998677e+00 1.298140000000000000e+08
1.315199999999998592e+00 1.298690000000000000e+08
1.319999999999998508e+00 1.298710000000000000e+08
1.324799999999998423e+00 1.298780000000000000e+08
1.329599999999998339e+00 1.299060000000000000e+08
1.334399999999998254e+00 1.299240000000000000e+08
1.339199999999998170e+00 1.299310000000000000e+08
1.343999999999998085e+00 1.299420000000000000e+08
1.348799999999998001e+00 1.299880000000000000e+08
1.353599999999997916e+00 1.299770000000000000e+08
1.358399999999997831e+00 1.299710000000000000e+08
1.363199999999997747e+00 1.300240000000000000e+08
1.367999999999997662e+00 1.299730000000000000e+08
1.372799999999997578e+00 1.300250000000000000e+08
1.377599999999997493e+00 1.300710000000000000e+08
1.382399999999997409e+00 1.300410000000000000e+08
1.387199999999997324e+00 1.300670000000000000e+08
1.391999999999997240e+00 1.300790000000000000e+08
1.396799999999997155e+00 1.300730000000000000e+08
1.401599999999997070e+00 1.300920000000000000e+08
1.406399999999996986e+00 1.301230000000000000e+08
1.411199999999996901e+00 1.301460000000000000e+08
1.415999999999996817e+00 1.301410000000000000e+08
1.420799999999996732e+00 1.301500000000000000e+08
1.425599999999996648e+00 1.302000000000000000e+08
1.430399999999996563e+00 1.301760000000000000e+08
1.435199999999996479e+00 1.301980000000000000e+08
1.439999999999996394e+00 1.302030000000000000e+08
1.444799999999996309e+00 1.301980000000000000e+08
1.449599999999996225e+00 1.302150000000000000e+08
1.454399999999996140e+00 1.302480000000000000e+08
1.459199999999996056e+00 1.302450000000000000e+08
1.463999999999995971e+00 1.302690000000000000e+08
1.468799999999995887e+00 1.302800000000000000e+08
1.473599999999995802e+00 1.302900000000000000e+08
1.478399999999995718e+00 1.303040000000000000e+08
1.483199999999995633e+00 1.303260000000000000e+08
1.487999999999995548e+00 1.303370000000000000e+08
1.492799999999995464e+00 1.303660000000000000e+08
1.497599999999995379e+00 1.303620000000000000e+08
1.502399999999995295e+00 1.303660000000000000e+08
1.507199999999995210e+00 1.303670000000000000e+08
1.511999999999995126e+00 1.304290000000000000e+08
1.516799999999995041e+00 1.304370000000000000e+08
1.521599999999994957e+00 1.304400000000000000e+08
1.526399999999994872e+00 1.304600000000000000e+08
1.531199999999994787e+00 1.304820000000000000e+08
1.535999999999994703e+00 1.304990000000000000e+08
1.540799999999994618e+00 1.304910000000000000e+08
1.545599999999994534e+00 1.304930000000000000e+08
1.550399999999994449e+00 1.305140000000000000e+08
1.555199999999994365e+00 1.305330000000000000e+08
1.559999999999994280e+00 1.305560000000000000e+08
1.564799999999994196e+00 1.305370000000000000e+08
1.569599999999994111e+00 1.305810000000000000e+08
1.574399999999994026e+00 1.305770000000000000e+08
1.579199999999993942e+00 1.305920000000000000e+08
1.583999999999993857e+00 1.306100000000000000e+08
1.588799999999993773e+00 1.306160000000000000e+08
1.593599999999993688e+00 1.306340000000000000e+08
1.598399999999993604e+00 1.306550000000000000e+08
1.603199999999993519e+00 1.306780000000000000e+08
1.607999999999993435e+00 1.306820000000000000e+08
1.612799999999993350e+00 1.306790000000000000e+08
1.617599999999993265e+00 1.306990000000000000e+08
1.622399999999993181e+00 1.307150000000000000e+08
1.627199999999993096e+00 1.307430000000000000e+08
1.631999999999993012e+00 1.307340000000000000e+08
1.636799999999992927e+00 1.307760000000000000e+08
1.641599999999992843e+00 1.308110000000000000e+08
1.646399999999992758e+00 1.307900000000000000e+08
1.651199999999992674e+00 1.307730000000000000e+08
1.655999999999992589e+00 1.308190000000000000e+08
1.660799999999992504e+00 1.307990000000000000e+08
1.665599999999992420e+00 1.308610000000000000e+08
1.670399999999992335e+00 1.308660000000000000e+08
1.675199999999992251e+00 1.308700000000000000e+08
1.679999999999992166e+00 1.308770000000000000e+08
1.684799999999992082e+00 1.308950000000000000e+08
1.689599999999991997e+00 1.309180000000000000e+08
1.694399999999991913e+00 1.309230000000000000e+08
1.699199999999991828e+00 1.309580000000000000e+08
1.703999999999991743e+00 1.309370000000000000e+08
1.708799999999991659e+00 1.309510000000000000e+08
1.713599999999991574e+00 1.309740000000000000e+08
1.718399999999991490e+00 1.309980000000000000e+08
1.723199999999991405e+00 1.309740000000000000e+08
1.727999999999991321e+00 1.309930000000000000e+08
1.732799999999991236e+00 1.310320000000000000e+08
1.737599999999991152e+00 1.310450000000000000e+08
1.742399999999991067e+00 1.310280000000000000e+08
1.747199999999990983e+00 1.310680000000000000e+08
1.751999999999990898e+00 1.310900000000000000e+08
1.756799999999990813e+00 1.310600000000000000e+08
1.761599999999990729e+00 1.311150000000000000e+08
1.766399999999990644e+00 1.310850000000000000e+08
1.771199999999990560e+00 1.311400000000000000e+08
1.775999999999990475e+00 1.311360000000000000e+08
1.780799999999990391e+00 1.311980000000000000e+08
1.785599999999990306e+00 1.311630000000000000e+08
1.790399999999990222e+00 1.312070000000000000e+08
1.795199999999990137e+00 1.311790000000000000e+08
1.799999999999990052e+00 1.311910000000000000e+08
1.804799999999989968e+00 1.312580000000000000e+08
1.809599999999989883e+00 1.312400000000000000e+08
1.814399999999989799e+00 1.312630000000000000e+08
1.819199999999989714e+00 1.312680000000000000e+08
1.823999999999989630e+00 1.312810000000000000e+08
1.828799999999989545e+00 1.312890000000000000e+08
1.833599999999989461e+00 1.313230000000000000e+08
1.838399999999989376e+00 1.313140000000000000e+08
1.843199999999989291e+00 1.313340000000000000e+08
1.847999999999989207e+00 1.313460000000000000e+08
1.852799999999989122e+00 1.313630000000000000e+08
1.857599999999989038e+00 1.313750000000000000e+08
1.862399999999988953e+00 1.313850000000000000e+08
1.867199999999988869e+00 1.314010000000000000e+08
1.871999999999988784e+00 1.314330000000000000e+08
1.876799999999988700e+00 1.314500000000000000e+08
1.881599999999988615e+00 1.314690000000000000e+08
1.886399999999988530e+00 1.314750000000000000e+08
1.891199999999988446e+00 1.314920000000000000e+08
1.895999999999988361e+00 1.314930000000000000e+08
1.900799999999988277e+00 1.314720000000000000e+08
1.905599999999988192e+00 1.315070000000000000e+08
1.910399999999988108e+00 1.315380000000000000e+08
1.915199999999988023e+00 1.315100000000000000e+08
1.919999999999987939e+00 1.315480000000000000e+08
1.924799999999987854e+00 1.315570000000000000e+08
1.929599999999987769e+00 1.315890000000000000e+08
1.934399999999987685e+00 1.316140000000000000e+08
1.939199999999987600e+00 1.316010000000000000e+08
1.943999999999987516e+00 1.316240000000000000e+08
1.948799999999987431e+00 1.316480000000000000e+08
1.953599999999987347e+00 1.316420000000000000e+08
1.958399999999987262e+00 1.316630000000000000e+08
1.963199999999987178e+00 1.316640000000000000e+08
1.967999999999987093e+00 1.316980000000000000e+08
1.972799999999987008e+00 1.317100000000000000e+08
1.977599999999986924e+00 1.317070000000000000e+08
1.982399999999986839e+00 1.317520000000000000e+08
1.987199999999986755e+00 1.317370000000000000e+08
1.991999999999986670e+00 1.317770000000000000e+08
1.996799999999986586e+00 1.317680000000000000e+08
2.001599999999986501e+00 1.317840000000000000e+08
2.006399999999986417e+00 1.318260000000000000e+08
2.011199999999986332e+00 1.317860000000000000e+08
2.015999999999986247e+00 1.318510000000000000e+08
2.020799999999986163e+00 1.318530000000000000e+08
2.025599999999986078e+00 1.318510000000000000e+08
2.030399999999985994e+00 1.318570000000000000e+08
2.035199999999985909e+00 1.318910000000000000e+08
2.039999999999985825e+00 1.319150000000000000e+08
2.044799999999985740e+00 1.319030000000000000e+08
2.049599999999985656e+00 1.319220000000000000e+08
2.054399999999985571e+00 1.319220000000000000e+08
2.059199999999985486e+00 1.319440000000000000e+08
2.063999999999985402e+00 1.319580000000000000e+08
2.068799999999985317e+00 1.319720000000000000e+08
2.073599999999985233e+00 1.319840000000000000e+08
2.078399999999985148e+00 1.320120000000000000e+08
2.083199999999985064e+00 1.320270000000000000e+08
2.087999999999984979e+00 1.320160000000000000e+08
2.092799999999984895e+00 1.320180000000000000e+08
2.097599999999984810e+00 1.320720000000000000e+08
2.102399999999984725e+00 1.320760000000000000e+08
2.107199999999984641e+00 1.320890000000000000e+08
2.111999999999984556e+00 1.320980000000000000e+08
2.116799999999984472e+00 1.321130000000000000e+08
2.121599999999984387e+00 1.321310000000000000e+08
2.126399999999984303e+00 1.321540000000000000e+08
2.131199999999984218e+00 1.321650000000000000e+08
2.135999999999984134e+00 1.321950000000000000e+08
2.140799999999984049e+00 1.321920000000000000e+08
2.145599999999983964e+00 1.322100000000000000e+08
2.150399999999983880e+00 1.322110000000000000e+08
2.155199999999983795e+00 1.322160000000000000e+08
2.159999999999983711e+00 1.322320000000000000e+08
2.164799999999983626e+00 1.322430000000000000e+08
2.169599999999983542e+00 1.322570000000000000e+08
2.174399999999983457e+00 1.323090000000000000e+08
2.179199999999983373e+00 1.322620000000000000e+08
2.183999999999983288e+00 1.323340000000000000e+08
2.188799999999983203e+00 1.323130000000000000e+08
2.193599999999983119e+00 1.323320000000000000e+08
2.198399999999983034e+00 1.323330000000000000e+08
2.203199999999982950e+00 1.323540000000000000e+08
2.207999999999982865e+00 1.323710000000000000e+08
2.212799999999982781e+00 1.323700000000000000e+08
2.217599999999982696e+00 1.324130000000000000e+08
2.222399999999982612e+00 1.324030000000000000e+08
2.227199999999982527e+00 1.324370000000000000e+08
2.231999999999982442e+00 1.324450000000000000e+08
2.236799999999982358e+00 1.324310000000000000e+08
2.241599999999982273e+00 1.324640000000000000e+08
2.246399999999982189e+00 1.324880000000000000e+08
2.251199999999982104e+00 1.324820000000000000e+08
2.255999999999982020e+00 1.325010000000000000e+08
2.260799999999981935e+00 1.325130000000000000e+08
2.265599999999981851e+00 1.325270000000000000e+08
2.270399999999981766e+00 1.325490000000000000e+08
2.275199999999981681e+00 1.325710000000000000e+08
2.279999999999981597e+00 1.325710000000000000e+08
2.284799999999981512e+00 1.325860000000000000e+08
2.289599999999981428e+00 1.326020000000000000e+08
2.294399999999981343e+00 1.326200000000000000e+08
2.299199999999981259e+00 1.326190000000000000e+08
2.303999999999981174e+00 1.326490000000000000e+08
2.308799999999981090e+00 1.326710000000000000e+08
2.313599999999981005e+00 1.326870000000000000e+08
2.318399999999980921e+00 1.326790000000000000e+08
2.323199999999980836e+00 1.326990000000000000e+08
2.327999999999980751e+00 1.327320000000000000e+08
2.332799999999980667e+00 1.327130000000000000e+08
2.337599999999980582e+00 1.327300000000000000e+08
2.342399999999980498e+00 1.327510000000000000e+08
2.347199999999980413e+00 1.327900000000000000e+08
2.351999999999980329e+00 1.327710000000000000e+08
2.356799999999980244e+00 1.327640000000000000e+08
2.361599999999980160e+00 1.327780000000000000e+08
2.366399999999980075e+00 1.328210000000000000e+08
2.371199999999979990e+00 1.328030000000000000e+08
2.375999999999979906e+00 1.328090000000000000e+08
2.380799999999979821e+00 1.328580000000000000e+08
2.385599999999979737e+00 1.328730000000000000e+08
2.390399999999979652e+00 1.328900000000000000e+08
2.395199999999979568e+00 1.329070000000000000e+08
2.399999999999979483e+00 1.329180000000000000e+08
2.404799999999979399e+00 1.329240000000000000e+08
2.409599999999979314e+00 1.329420000000000000e+08
2.414399999999979229e+00 1.329410000000000000e+08
2.419199999999979145e+00 1.329860000000000000e+08
2.423999999999979060e+00 1.329970000000000000e+08
2.428799999999978976e+00 1.330180000000000000e+08
2.433599999999978891e+00 1.329840000000000000e+08
2.438399999999978807e+00 1.330120000000000000e+08
2.443199999999978722e+00 1.330050000000000000e+08
2.447999999999978638e+00 1.330560000000000000e+08
2.452799999999978553e+00 1.330340000000000000e+08
2.457599999999978468e+00 1.330840000000000000e+08
2.462399999999978384e+00 1.330960000000000000e+08
2.467199999999978299e+00 1.330810000000000000e+08
2.471999999999978215e+00 1.331190000000000000e+08
2.476799999999978130e+00 1.331400000000000000e+08
2.481599999999978046e+00 1.331600000000000000e+08
2.486399999999977961e+00 1.331540000000000000e+08
2.491199999999977877e+00 1.332040000000000000e+08
2.495999999999977792e+00 1.331900000000000000e+08
2.500799999999977707e+00 1.332150000000000000e+08
2.505599999999977623e+00 1.332110000000000000e+08
2.510399999999977538e+00 1.332280000000000000e+08
2.515199999999977454e+00 1.332190000000000000e+08
2.519999999999977369e+00 1.332570000000000000e+08
2.524799999999977285e+00 1.332830000000000000e+08
2.529599999999977200e+00 1.332980000000000000e+08
2.534399999999977116e+00 1.333090000000000000e+08
2.539199999999977031e+00 1.333160000000000000e+08
2.543999999999976946e+00 1.332960000000000000e+08
2.548799999999976862e+00 1.333420000000000000e+08
2.553599999999976777e+00 1.333600000000000000e+08
2.558399999999976693e+00 1.333850000000000000e+08
2.563199999999976608e+00 1.333690000000000000e+08
2.567999999999976524e+00 1.333960000000000000e+08
2.572799999999976439e+00 1.334440000000000000e+08
2.577599999999976355e+00 1.334190000000000000e+08
2.582399999999976270e+00 1.334520000000000000e+08
2.587199999999976185e+00 1.334780000000000000e+08
2.591999999999976101e+00 1.334590000000000000e+08
2.596799999999976016e+00 1.334460000000000000e+08
2.601599999999975932e+00 1.335000000000000000e+08
2.606399999999975847e+00 1.335060000000000000e+08
2.611199999999975763e+00 1.335070000000000000e+08
2.615999999999975678e+00 1.335350000000000000e+08
2.620799999999975594e+00 1.335360000000000000e+08
2.625599999999975509e+00 1.335650000000000000e+08
2.630399999999975424e+00 1.335460000000000000e+08
2.635199999999975340e+00 1.335920000000000000e+08
2.639999999999975255e+00 1.335680000000000000e+08
2.644799999999975171e+00 1.336000000000000000e+08
2.649599999999975086e+00 1.336400000000000000e+08
2.654399999999975002e+00 1.336100000000000000e+08
2.659199999999974917e+00 1.336460000000000000e+08
2.663999999999974833e+00 1.336350000000000000e+08
2.668799999999974748e+00 1.336610000000000000e+08
2.673599999999974663e+00 1.337140000000000000e+08
2.678399999999974579e+00 1.337140000000000000e+08
2.683199999999974494e+00 1.337300000000000000e+08
2.687999999999974410e+00 1.337370000000000000e+08
2.692799999999974325e+00 1.337590000000000000e+08
2.697599999999974241e+00 1.337650000000000000e+08
2.702399999999974156e+00 1.337690000000000000e+08
2.707199999999974072e+00 1.338090000000000000e+08
2.711999999999973987e+00 1.337770000000000000e+08
2.716799999999973902e+00 1.338510000000000000e+08
2.721599999999973818e+00 1.338530000000000000e+08
2.726399999999973733e+00 1.338460000000000000e+08
2.731199999999973649e+00 1.338820000000000000e+08
2.735999999999973564e+00 1.338760000000000000e+08
2.740799999999973480e+00 1.338880000000000000e+08
2.745599999999973395e+00 1.339090000000000000e+08
2.750399999999973311e+00 1.339270000000000000e+08
2.755199999999973226e+00 1.339030000000000000e+08
2.759999999999973141e+00 1.339380000000000000e+08
2.764799999999973057e+00 1.339790000000000000e+08
2.769599999999972972e+00 1.339870000000000000e+08
2.774399999999972888e+00 1.340040000000000000e+08
2.779199999999972803e+00 1.340160000000000000e+08
2.783999999999972719e+00 1.340070000000000000e+08
2.788799999999972634e+00 1.340300000000000000e+08
2.793599999999972550e+00 1.340430000000000000e+08
2.798399999999972465e+00 1.340550000000000000e+08
2.803199999999972380e+00 1.340590000000000000e+08
2.807999999999972296e+00 1.340850000000000000e+08
2.812799999999972211e+00 1.340960000000000000e+08
2.817599999999972127e+00 1.341150000000000000e+08
2.822399999999972042e+00 1.341170000000000000e+08
2.827199999999971958e+00 1.341580000000000000e+08
2.831999999999971873e+00 1.341300000000000000e+08
2.836799999999971789e+00 1.341660000000000000e+08
2.841599999999971704e+00 1.341790000000000000e+08
2.846399999999971620e+00 1.341980000000000000e+08
2.851199999999971535e+00 1.342110000000000000e+08
2.855999999999971450e+00 1.342240000000000000e+08
2.860799999999971366e+00 1.342410000000000000e+08
2.865599999999971281e+00 1.342590000000000000e+08
2.870399999999971197e+00 1.342700000000000000e+08
2.875199999999971112e+00 1.342650000000000000e+08
2.879999999999971028e+00 1.343050000000000000e+08
2.884799999999970943e+00 1.342720000000000000e+08
2.889599999999970859e+00 1.343520000000000000e+08
2.894399999999970774e+00 1.343700000000000000e+08
2.899199999999970689e+00 1.343360000000000000e+08
2.903999999999970605e+00 1.343480000000000000e+08
2.908799999999970520e+00 1.344220000000000000e+08
2.913599999999970436e+00 1.343660000000000000e+08
2.918399999999970351e+00 1.344270000000000000e+08
2.923199999999970267e+00 1.344330000000000000e+08
2.927999999999970182e+00 1.344240000000000000e+08
2.932799999999970098e+00 1.344470000000000000e+08
2.937599999999970013e+00 1.344910000000000000e+08
2.942399999999969928e+00 1.344660000000000000e+08
2.947199999999969844e+00 1.344980000000000000e+08
2.951999999999969759e+00 1.345060000000000000e+08
2.956799999999969675e+00 1.344870000000000000e+08
2.961599999999969590e+00 1.345330000000000000e+08
2.966399999999969506e+00 1.345510000000000000e+08
2.971199999999969421e+00 1.345230000000000000e+08
2.975999999999969337e+00 1.345700000000000000e+08
2.980799999999969252e+00 1.345770000000000000e+08
2.985599999999969167e+00 1.345670000000000000e+08
2.990399999999969083e+00 1.345970000000000000e+08
2.995199999999968998e+00 1.345860000000000000e+08
2.999999999999968914e+00 1.346290000000000000e+08
