0.000000000000000000e+00 1.000170000000000000e+08
1.764705882352941291e-01 1.262740000000000000e+08
3.529411764705882582e-01 1.267530000000000000e+08
5.294117647058823595e-01 1.272320000000000000e+08
7.058823529411765163e-01 1.276920000000000000e+08
8.823529411764706731e-01 1.281770000000000000e+08
1.058823529411764719e+00 1.286510000000000000e+08
1.235294117647058876e+00 1.291360000000000000e+08
1.411764705882353033e+00 1.296580000000000000e+08
1.588235294117647189e+00 1.300870000000000000e+08
1.764705882352941346e+00 1.305710000000000000e+08
1.941176470588235503e+00 1.310920000000000000e+08
2.117647058823529438e+00 1.315980000000000000e+08
2.294117647058823373e+00 1.320410000000000000e+08
2.470588235294117307e+00 1.325820000000000000e+08
2.647058823529411242e+00 1.330790000000000000e+08
2.823529411764705177e+00 1.335610000000000000e+08
2.999999999999999112e+00 1.340800000000000000e+08
