0.000000000000000000e+00 1.000170000000000000e+08
3.797468354430379861e-02 1.262370000000000000e+08
7.594936708860759722e-02 1.263640000000000000e+08
1.139240506329113889e-01 1.264710000000000000e+08
1.518987341772151944e-01 1.265440000000000000e+08
1.898734177215190000e-01 1.266640000000000000e+08
2.278481012658228055e-01 1.267400000000000000e+08
2.658227848101266111e-01 1.268790000000000000e+08
3.037974683544303889e-01 1.269830000000000000e+08
3.417721518987341667e-01 1.270720000000000000e+08
3.797468354430379445e-01 1.271850000000000000e+08
4.177215189873417223e-01 1.272940000000000000e+08
4.556962025316455001e-01 1.273960000000000000e+08
4.936708860759492778e-01 1.275150000000000000e+08
5.316455696202531112e-01 1.276250000000000000e+08
5.696202531645568889e-01 1.277080000000000000e+08
6.075949367088606667e-01 1.278220000000000000e+08
6.455696202531644445e-01 1.279160000000000000e+08
6.835443037974682223e-01 1.280370000000000000e+08
7.215189873417720001e-01 1.281300000000000000e+08
7.594936708860757779e-01 1.282410000000000000e+08
7.974683544303795557e-01 1.283330000000000000e+08
8.354430379746833335e-01 1.284420000000000000e+08
8.734177215189871113e-01 1.285060000000000000e+08
9.113924050632908891e-01 1.286410000000000000e+08
9.493670886075946669e-01 1.287580000000000000e+08
9.873417721518984447e-01 1.288740000000000000e+08
1.025316455696202222e+00 1.289460000000000000e+08
1.063291139240506000e+00 1.290230000000000000e+08
1.101265822784809778e+00 1.291720000000000000e+08
1.139240506329113556e+00 1.292760000000000000e+08
1.177215189873417334e+00 1.293840000000000000e+08
1.215189873417721111e+00 1.294840000000000000e+08
1.253164556962024889e+00 1.295600000000000000e+08
1.291139240506328667e+00 1.297240000000000000e+08
1.329113924050632445e+00 1.297790000000000000e+08
1.367088607594936223e+00 1.299160000000000000e+08
1.405063291139240000e+00 1.300320000000000000e+08
1.443037974683543778e+00 1.301290000000000000e+08
1.481012658227847556e+00 1.302050000000000000e+08
1.518987341772151334e+00 1.303420000000000000e+08
1.556962025316455112e+00 1.304470000000000000e+08
1.594936708860758889e+00 1.305400000000000000e+08
1.632911392405062667e+00 1.306760000000000000e+08
1.670886075949366445e+00 1.307580000000000000e+08
1.708860759493670223e+00 1.308580000000000000e+08
1.746835443037974001e+00 1.309590000000000000e+08
1.784810126582277778e+00 1.310880000000000000e+08
1.822784810126581556e+00 1.311500000000000000e+08
1.860759493670885334e+00 1.313100000000000000e+08
1.898734177215189112e+00 1.314010000000000000e+08
1.936708860759492890e+00 1.314920000000000000e+08
1.974683544303796667e+00 1.315720000000000000e+08
2.012658227848100445e+00 1.316930000000000000e+08
2.050632911392404445e+00 1.318330000000000000e+08
2.088607594936708445e+00 1.319320000000000000e+08
2.126582278481012445e+00 1.320530000000000000e+08
2.164556962025316444e+00 1.321530000000000000e+08
2.202531645569620444e+00 1.322550000000000000e+08
2.240506329113924444e+00 1.323420000000000000e+08
2.278481012658228444e+00 1.324560000000000000e+08
2.316455696202532444e+00 1.325660000000000000e+08
2.354430379746836444e+00 1.326920000000000000e+08
2.392405063291140443e+00 1.328110000000000000e+08
2.430379746835444443e+00 1.328930000000000000e+08
2.468354430379748443e+00 1.329900000000000000e+08
2.506329113924052443e+00 1.330920000000000000e+08
2.544303797468356443e+00 1.332170000000000000e+08
2.582278481012660443e+00 1.333270000000000000e+08
2.620253164556964443e+00 1.334660000000000000e+08
2.658227848101268442e+00 1.335460000000000000e+08
2.696202531645572442e+00 1.336610000000000000e+08
2.734177215189876442e+00 1.337520000000000000e+08
2.772151898734180442e+00 1.338540000000000000e+08
2.810126582278484442e+00 1.339850000000000000e+08
2.848101265822788442e+00 1.340950000000000000e+08
2.886075949367092441e+00 1.342060000000000000e+08
2.924050632911396441e+00 1.343310000000000000e+08
2.962025316455700441e+00 1.343890000000000000e+08
3.000000000000004441e+00 1.345150000000000000e+08
