0.000000000000000000e+00 1.000170000000000000e+08
1.229508196721311453e-02 1.262590000000000000e+08
2.459016393442622905e-02 1.263090000000000000e+08
3.688524590163934358e-02 1.263050000000000000e+08
4.918032786885245811e-02 1.263550000000000000e+08
6.147540983606557263e-02 1.263900000000000000e+08
7.377049180327868716e-02 1.264240000000000000e+08
8.606557377049180169e-02 1.264560000000000000e+08
9.836065573770491621e-02 1.264930000000000000e+08
1.106557377049180307e-01 1.264990000000000000e+08
1.229508196721311453e-01 1.265970000000000000e+08
1.352459016393442459e-01 1.265530000000000000e+08
1.475409836065573743e-01 1.265920000000000000e+08
1.598360655737705027e-01 1.266580000000000000e+08
1.721311475409836311e-01 1.267150000000000000e+08
1.844262295081967595e-01 1.267300000000000000e+08
1.967213114754098879e-01 1.267780000000000000e+08
2.090163934426230163e-01 1.267980000000000000e+08
2.213114754098361447e-01 1.268040000000000000e+08
2.336065573770492731e-01 1.268550000000000000e+08
2.459016393442624016e-01 1.268860000000000000e+08
2.581967213114755300e-01 1.269140000000000000e+08
2.704918032786886584e-01 1.269670000000000000e+08
2.827868852459017868e-01 1.269670000000000000e+08
2.950819672131149152e-01 1.270390000000000000e+08
3.073770491803280436e-01 1.270840000000000000e+08
3.196721311475411720e-01 1.270950000000000000e+08
3.319672131147543004e-01 1.271010000000000000e+08
3.442622950819674288e-01 1.271530000000000000e+08
3.565573770491805572e-01 1.271870000000000000e+08
3.688524590163936856e-01 1.272290000000000000e+08
3.811475409836068140e-01 1.272590000000000000e+08
3.934426229508199424e-01 1.272910000000000000e+08
4.057377049180330708e-01 1.273320000000000000e+08
4.180327868852461992e-01 1.273670000000000000e+08
4.303278688524593276e-01 1.273980000000000000e+08
4.426229508196724560e-01 1.274520000000000000e+08
4.549180327868855844e-01 1.274510000000000000e+08
4.672131147540987128e-01 1.274870000000000000e+08
4.795081967213118412e-01 1.275520000000000000e+08
4.918032786885249696e-01 1.275680000000000000e+08
5.040983606557380980e-01 1.276080000000000000e+08
5.163934426229511709e-01 1.276430000000000000e+08
5.286885245901642438e-01 1.276430000000000000e+08
5.409836065573773167e-01 1.277010000000000000e+08
5.532786885245903896e-01 1.277320000000000000e+08
5.655737704918034625e-01 1.277550000000000000e+08
5.778688524590165354e-01 1.278150000000000000e+08
5.901639344262296083e-01 1.278040000000000000e+08
6.024590163934426812e-01 1.278720000000000000e+08
6.147540983606557541e-01 1.279010000000000000e+08
6.270491803278688270e-01 1.279160000000000000e+08
6.393442622950818999e-01 1.279730000000000000e+08
6.516393442622949728e-01 1.279780000000000000e+08
6.639344262295080457e-01 1.280650000000000000e+08
6.762295081967211186e-01 1.280590000000000000e+08
6.885245901639341914e-01 1.280790000000000000e+08
7.008196721311472643e-01 1.281290000000000000e+08
7.131147540983603372e-01 1.281760000000000000e+08
7.254098360655734101e-01 1.282100000000000000e+08
7.377049180327864830e-01 1.282560000000000000e+08
7.499999999999995559e-01 1.282860000000000000e+08
7.622950819672126288e-01 1.283070000000000000e+08
7.745901639344257017e-01 1.283580000000000000e+08
7.868852459016387746e-01 1.283800000000000000e+08
7.991803278688518475e-01 1.284050000000000000e+08
8.114754098360649204e-01 1.284130000000000000e+08
8.237704918032779933e-01 1.284820000000000000e+08
8.360655737704910662e-01 1.285140000000000000e+08
8.483606557377041391e-01 1.285370000000000000e+08
8.606557377049172119e-01 1.285840000000000000e+08
8.729508196721302848e-01 1.286070000000000000e+08
8.852459016393433577e-01 1.286690000000000000e+08
8.975409836065564306e-01 1.286790000000000000e+08
9.098360655737695035e-01 1.287080000000000000e+08
9.221311475409825764e-01 1.287490000000000000e+08
9.344262295081956493e-01 1.287780000000000000e+08
9.467213114754087222e-01 1.287780000000000000e+08
9.590163934426217951e-01 1.288740000000000000e+08
9.713114754098348680e-01 1.288600000000000000e+08
9.836065573770479409e-01 1.289340000000000000e+08
9.959016393442610138e-01 1.289630000000000000e+08
1.008196721311474198e+00 1.290090000000000000e+08
1.020491803278687382e+00 1.290170000000000000e+08
1.032786885245900566e+00 1.290550000000000000e+08
1.045081967213113749e+00 1.291150000000000000e+08
1.057377049180326933e+00 1.291260000000000000e+08
1.069672131147540117e+00 1.291720000000000000e+08
1.081967213114753301e+00 1.291930000000000000e+08
1.094262295081966485e+00 1.292260000000000000e+08
1.106557377049179669e+00 1.292540000000000000e+08
1.118852459016392853e+00 1.292960000000000000e+08
1.131147540983606037e+00 1.292920000000000000e+08
1.143442622950819221e+00 1.293850000000000000e+08
1.155737704918032405e+00 1.294020000000000000e+08
1.168032786885245589e+00 1.294430000000000000e+08
1.180327868852458773e+00 1.294580000000000000e+08
1.192622950819671956e+00 1.294870000000000000e+08
1.204918032786885140e+00 1.295050000000000000e+08
1.217213114754098324e+00 1.295630000000000000e+08
1.229508196721311508e+00 1.295920000000000000e+08
1.241803278688524692e+00 1.296020000000000000e+08
1.254098360655737876e+00 1.296780000000000000e+08
1.266393442622951060e+00 1.296940000000000000e+08
1.278688524590164244e+00 1.297430000000000000e+08
1.290983606557377428e+00 1.297760000000000000e+08
1.303278688524590612e+00 1.298000000000000000e+08
1.315573770491803796e+00 1.298380000000000000e+08
1.327868852459016979e+00 1.298780000000000000e+08
1.340163934426230163e+00 1.299010000000000000e+08
1.352459016393443347e+00 1.299390000000000000e+08
1.364754098360656531e+00 1.300090000000000000e+08
1.377049180327869715e+00 1.299780000000000000e+08
1.389344262295082899e+00 1.300490000000000000e+08
1.401639344262296083e+00 1.300730000000000000e+08
1.413934426229509267e+00 1.301180000000000000e+08
1.426229508196722451e+00 1.301700000000000000e+08
1.438524590163935635e+00 1.301740000000000000e+08
1.450819672131148819e+00 1.301760000000000000e+08
1.463114754098362003e+00 1.302340000000000000e+08
1.475409836065575186e+00 1.302640000000000000e+08
1.487704918032788370e+00 1.303130000000000000e+08
1.500000000000001554e+00 1.303510000000000000e+08
1.512295081967214738e+00 1.303900000000000000e+08
1.524590163934427922e+00 1.304210000000000000e+08
1.536885245901641106e+00 1.304490000000000000e+08
1.549180327868854290e+00 1.304680000000000000e+08
1.561475409836067474e+00 1.305150000000000000e+08
1.573770491803280658e+00 1.305670000000000000e+08
1.586065573770493842e+00 1.305890000000000000e+08
1.598360655737707026e+00 1.306500000000000000e+08
1.610655737704920210e+00 1.306500000000000000e+08
1.622950819672133393e+00 1.306960000000000000e+08
1.635245901639346577e+00 1.307320000000000000e+08
1.647540983606559761e+00 1.307630000000000000e+08
1.659836065573772945e+00 1.308030000000000000e+08
1.672131147540986129e+00 1.308260000000000000e+08
1.684426229508199313e+00 1.308720000000000000e+08
1.696721311475412497e+00 1.309060000000000000e+08
1.709016393442625681e+00 1.309410000000000000e+08
1.721311475409838865e+00 1.309450000000000000e+08
1.733606557377052049e+00 1.310250000000000000e+08
1.745901639344265233e+00 1.310340000000000000e+08
1.758196721311478417e+00 1.310960000000000000e+08
1.770491803278691600e+00 1.311320000000000000e+08
1.782786885245904784e+00 1.311340000000000000e+08
1.795081967213117968e+00 1.311870000000000000e+08
1.807377049180331152e+00 1.312090000000000000e+08
1.819672131147544336e+00 1.312490000000000000e+08
1.831967213114757520e+00 1.312840000000000000e+08
1.844262295081970704e+00 1.312870000000000000e+08
1.856557377049183888e+00 1.313460000000000000e+08
1.868852459016397072e+00 1.313960000000000000e+08
1.881147540983610256e+00 1.314160000000000000e+08
1.893442622950823440e+00 1.314650000000000000e+08
1.905737704918036624e+00 1.314980000000000000e+08
1.918032786885249807e+00 1.315040000000000000e+08
1.930327868852462991e+00 1.315550000000000000e+08
1.942622950819676175e+00 1.316030000000000000e+08
1.954918032786889359e+00 1.316230000000000000e+08
1.967213114754102543e+00 1.316640000000000000e+08
1.979508196721315727e+00 1.316770000000000000e+08
1.991803278688528911e+00 1.317090000000000000e+08
2.004098360655742095e+00 1.317630000000000000e+08
2.016393442622955057e+00 1.318040000000000000e+08
2.028688524590168019e+00 1.318510000000000000e+08
2.040983606557380980e+00 1.318750000000000000e+08
2.053278688524593942e+00 1.318980000000000000e+08
2.065573770491806904e+00 1.319620000000000000e+08
2.077868852459019866e+00 1.319600000000000000e+08
2.090163934426232828e+00 1.320150000000000000e+08
2.102459016393445790e+00 1.320400000000000000e+08
2.114754098360658752e+00 1.320790000000000000e+08
2.127049180327871714e+00 1.321300000000000000e+08
2.139344262295084675e+00 1.321600000000000000e+08
2.151639344262297637e+00 1.322150000000000000e+08
2.163934426229510599e+00 1.322290000000000000e+08
2.176229508196723561e+00 1.322660000000000000e+08
2.188524590163936523e+00 1.323330000000000000e+08
2.200819672131149485e+00 1.323430000000000000e+08
2.213114754098362447e+00 1.323610000000000000e+08
2.225409836065575409e+00 1.323640000000000000e+08
2.237704918032788370e+00 1.324120000000000000e+08
2.250000000000001332e+00 1.324850000000000000e+08
2.262295081967214294e+00 1.325240000000000000e+08
2.274590163934427256e+00 1.325310000000000000e+08
2.286885245901640218e+00 1.325850000000000000e+08
2.299180327868853180e+00 1.326050000000000000e+08
2.311475409836066142e+00 1.326300000000000000e+08
2.323770491803279103e+00 1.326890000000000000e+08
2.336065573770492065e+00 1.327090000000000000e+08
2.348360655737705027e+00 1.327520000000000000e+08
2.360655737704917989e+00 1.327550000000000000e+08
2.372950819672130951e+00 1.327870000000000000e+08
2.385245901639343913e+00 1.328390000000000000e+08
2.397540983606556875e+00 1.328570000000000000e+08
2.409836065573769837e+00 1.329180000000000000e+08
2.422131147540982798e+00 1.329390000000000000e+08
2.434426229508195760e+00 1.329790000000000000e+08
2.446721311475408722e+00 1.330130000000000000e+08
2.459016393442621684e+00 1.330550000000000000e+08
2.471311475409834646e+00 1.330900000000000000e+08
2.483606557377047608e+00 1.331370000000000000e+08
2.495901639344260570e+00 1.331730000000000000e+08
2.508196721311473532e+00 1.332220000000000000e+08
2.520491803278686493e+00 1.332540000000000000e+08
2.532786885245899455e+00 1.332820000000000000e+08
2.545081967213112417e+00 1.332820000000000000e+08
2.557377049180325379e+00 1.333500000000000000e+08
2.569672131147538341e+00 1.333730000000000000e+08
2.581967213114751303e+00 1.334210000000000000e+08
2.594262295081964265e+00 1.334430000000000000e+08
2.606557377049177227e+00 1.334800000000000000e+08
2.618852459016390188e+00 1.335360000000000000e+08
2.631147540983603150e+00 1.335500000000000000e+08
2.643442622950816112e+00 1.335850000000000000e+08
2.655737704918029074e+00 1.335970000000000000e+08
2.668032786885242036e+00 1.336510000000000000e+08
2.680327868852454998e+00 1.336920000000000000e+08
2.692622950819667960e+00 1.337160000000000000e+08
2.704918032786880921e+00 1.337670000000000000e+08
2.717213114754093883e+00 1.337920000000000000e+08
2.729508196721306845e+00 1.338280000000000000e+08
2.741803278688519807e+00 1.338730000000000000e+08
2.754098360655732769e+00 1.339070000000000000e+08
2.766393442622945731e+00 1.339310000000000000e+08
2.778688524590158693e+00 1.339730000000000000e+08
2.790983606557371655e+00 1.340130000000000000e+08
2.803278688524584616e+00 1.340460000000000000e+08
2.815573770491797578e+00 1.341000000000000000e+08
2.827868852459010540e+00 1.341190000000000000e+08
2.840163934426223502e+00 1.341500000000000000e+08
2.852459016393436464e+00 1.341900000000000000e+08
2.864754098360649426e+00 1.342250000000000000e+08
2.877049180327862388e+00 1.342840000000000000e+08
2.889344262295075350e+00 1.343180000000000000e+08
2.901639344262288311e+00 1.343280000000000000e+08
2.913934426229501273e+00 1.343680000000000000e+08
2.926229508196714235e+00 1.343690000000000000e+08
2.938524590163927197e+00 1.344610000000000000e+08
2.950819672131140159e+00 1.344680000000000000e+08
2.963114754098353121e+00 1.345150000000000000e+08
2.975409836065566083e+00 1.345420000000000000e+08
2.987704918032779045e+00 1.345690000000000000e+08
2.999999999999992006e+00 1.345840000000000000e+08
