0.000000000000000000e+00 1.000170000000000000e+08
2.173913043478260809e-02 1.262420000000000000e+08
4.347826086956521618e-02 1.263220000000000000e+08
6.521739130434782428e-02 1.263640000000000000e+08
8.695652173913043237e-02 1.264470000000000000e+08
1.086956521739130405e-01 1.264840000000000000e+08
1.304347826086956486e-01 1.265530000000000000e+08
1.521739130434782705e-01 1.266100000000000000e+08
1.739130434782608647e-01 1.266430000000000000e+08
1.956521739130434590e-01 1.267360000000000000e+08
2.173913043478260532e-01 1.267670000000000000e+08
2.391304347826086474e-01 1.268550000000000000e+08
2.608695652173912416e-01 1.269190000000000000e+08
2.826086956521738358e-01 1.269740000000000000e+08
3.043478260869564300e-01 1.270260000000000000e+08
3.260869565217390242e-01 1.270720000000000000e+08
3.478260869565216185e-01 1.271520000000000000e+08
3.695652173913042127e-01 1.271830000000000000e+08
3.913043478260868069e-01 1.272420000000000000e+08
4.130434782608694011e-01 1.273350000000000000e+08
4.347826086956519953e-01 1.273730000000000000e+08
4.565217391304345895e-01 1.274490000000000000e+08
4.782608695652171837e-01 1.275070000000000000e+08
4.999999999999997780e-01 1.275630000000000000e+08
5.217391304347823722e-01 1.276280000000000000e+08
5.434782608695649664e-01 1.276520000000000000e+08
5.652173913043475606e-01 1.277470000000000000e+08
5.869565217391301548e-01 1.278000000000000000e+08
6.086956521739127490e-01 1.278550000000000000e+08
6.304347826086953432e-01 1.278850000000000000e+08
6.521739130434779375e-01 1.279650000000000000e+08
6.739130434782605317e-01 1.280270000000000000e+08
6.956521739130431259e-01 1.280990000000000000e+08
7.173913043478257201e-01 1.281560000000000000e+08
7.391304347826083143e-01 1.282140000000000000e+08
7.608695652173909085e-01 1.282760000000000000e+08
7.826086956521735027e-01 1.283360000000000000e+08
8.043478260869560970e-01 1.283910000000000000e+08
8.260869565217386912e-01 1.284390000000000000e+08
8.478260869565212854e-01 1.284780000000000000e+08
8.695652173913038796e-01 1.285380000000000000e+08
8.913043478260864738e-01 1.286280000000000000e+08
9.130434782608690680e-01 1.286940000000000000e+08
9.347826086956516622e-01 1.287340000000000000e+08
9.565217391304342565e-01 1.288140000000000000e+08
9.782608695652168507e-01 1.288760000000000000e+08
9.999999999999994449e-01 1.289650000000000000e+08
1.021739130434782039e+00 1.289950000000000000e+08
1.043478260869564744e+00 1.290530000000000000e+08
1.065217391304347450e+00 1.291470000000000000e+08
1.086956521739130155e+00 1.291680000000000000e+08
1.108695652173912860e+00 1.292350000000000000e+08
1.130434782608695565e+00 1.292880000000000000e+08
1.152173913043478271e+00 1.293550000000000000e+08
1.173913043478260976e+00 1.294050000000000000e+08
1.195652173913043681e+00 1.294780000000000000e+08
1.217391304347826386e+00 1.295110000000000000e+08
1.239130434782609091e+00 1.296010000000000000e+08
1.260869565217391797e+00 1.296750000000000000e+08
1.282608695652174502e+00 1.297320000000000000e+08
1.304347826086957207e+00 1.297660000000000000e+08
1.326086956521739912e+00 1.298310000000000000e+08
1.347826086956522618e+00 1.298970000000000000e+08
1.369565217391305323e+00 1.299800000000000000e+08
1.391304347826088028e+00 1.300240000000000000e+08
1.413043478260870733e+00 1.300860000000000000e+08
1.434782608695653439e+00 1.301600000000000000e+08
1.456521739130436144e+00 1.302040000000000000e+08
1.478260869565218849e+00 1.302500000000000000e+08
1.500000000000001554e+00 1.303160000000000000e+08
1.521739130434784260e+00 1.303860000000000000e+08
1.543478260869566965e+00 1.304660000000000000e+08
1.565217391304349670e+00 1.304990000000000000e+08
1.586956521739132375e+00 1.305760000000000000e+08
1.608695652173915080e+00 1.306250000000000000e+08
1.630434782608697786e+00 1.306900000000000000e+08
1.652173913043480491e+00 1.307400000000000000e+08
1.673913043478263196e+00 1.308390000000000000e+08
1.695652173913045901e+00 1.308700000000000000e+08
1.717391304347828607e+00 1.309460000000000000e+08
1.739130434782611312e+00 1.310050000000000000e+08
1.760869565217394017e+00 1.310290000000000000e+08
1.782608695652176722e+00 1.311180000000000000e+08
1.804347826086959428e+00 1.311640000000000000e+08
1.826086956521742133e+00 1.312670000000000000e+08
1.847826086956524838e+00 1.313100000000000000e+08
1.869565217391307543e+00 1.313570000000000000e+08
1.891304347826090249e+00 1.314350000000000000e+08
1.913043478260872954e+00 1.314920000000000000e+08
1.934782608695655659e+00 1.315370000000000000e+08
1.956521739130438364e+00 1.315920000000000000e+08
1.978260869565221070e+00 1.316560000000000000e+08
2.000000000000003553e+00 1.317340000000000000e+08
2.021739130434786258e+00 1.318020000000000000e+08
2.043478260869568963e+00 1.318280000000000000e+08
2.065217391304351668e+00 1.319090000000000000e+08
2.086956521739134374e+00 1.319760000000000000e+08
2.108695652173917079e+00 1.320300000000000000e+08
2.130434782608699784e+00 1.320990000000000000e+08
2.152173913043482489e+00 1.321230000000000000e+08
2.173913043478265195e+00 1.322200000000000000e+08
2.195652173913047900e+00 1.322700000000000000e+08
2.217391304347830605e+00 1.323330000000000000e+08
2.239130434782613310e+00 1.324100000000000000e+08
2.260869565217396016e+00 1.324610000000000000e+08
2.282608695652178721e+00 1.325470000000000000e+08
2.304347826086961426e+00 1.326050000000000000e+08
2.326086956521744131e+00 1.326550000000000000e+08
2.347826086956526837e+00 1.327010000000000000e+08
2.369565217391309542e+00 1.327660000000000000e+08
2.391304347826092247e+00 1.328480000000000000e+08
2.413043478260874952e+00 1.328890000000000000e+08
2.434782608695657657e+00 1.329710000000000000e+08
2.456521739130440363e+00 1.330520000000000000e+08
2.478260869565223068e+00 1.330860000000000000e+08
2.500000000000005773e+00 1.331770000000000000e+08
2.521739130434788478e+00 1.332040000000000000e+08
2.543478260869571184e+00 1.332360000000000000e+08
2.565217391304353889e+00 1.333400000000000000e+08
2.586956521739136594e+00 1.334230000000000000e+08
2.608695652173919299e+00 1.334830000000000000e+08
2.630434782608702005e+00 1.335410000000000000e+08
2.652173913043484710e+00 1.335680000000000000e+08
2.673913043478267415e+00 1.336340000000000000e+08
2.695652173913050120e+00 1.337080000000000000e+08
2.717391304347832826e+00 1.337890000000000000e+08
2.739130434782615531e+00 1.338230000000000000e+08
2.760869565217398236e+00 1.339070000000000000e+08
2.782608695652180941e+00 1.339720000000000000e+08
2.804347826086963646e+00 1.339950000000000000e+08
2.826086956521746352e+00 1.340720000000000000e+08
2.847826086956529057e+00 1.341600000000000000e+08
2.869565217391311762e+00 1.342090000000000000e+08
2.891304347826094467e+00 1.343020000000000000e+08
2.913043478260877173e+00 1.343410000000000000e+08
2.934782608695659878e+00 1.344040000000000000e+08
2.956521739130442583e+00 1.344670000000000000e+08
2.978260869565225288e+00 1.345240000000000000e+08
3.000000000000007994e+00 1.345790000000000000e+08
