0.000000000000000000e+00 1.000170000000000000e+08
5.555555555555555247e-02 1.262390000000000000e+08
1.111111111111111049e-01 1.264150000000000000e+08
1.666666666666666574e-01 1.265580000000000000e+08
2.222222222222222099e-01 1.267110000000000000e+08
2.777777777777777901e-01 1.268660000000000000e+08
3.333333333333333703e-01 1.270000000000000000e+08
3.888888888888889506e-01 1.271670000000000000e+08
4.444444444444445308e-01 1.273200000000000000e+08
5.000000000000001110e-01 1.274760000000000000e+08
5.555555555555556912e-01 1.276330000000000000e+08
6.111111111111112715e-01 1.277650000000000000e+08
6.666666666666668517e-01 1.279260000000000000e+08
7.222222222222224319e-01 1.280470000000000000e+08
7.777777777777780122e-01 1.282020000000000000e+08
8.333333333333335924e-01 1.284050000000000000e+08
8.888888888888891726e-01 1.285630000000000000e+08
9.444444444444447528e-01 1.286610000000000000e+08
1.000000000000000222e+00 1.288280000000000000e+08
1.055555555555555802e+00 1.290070000000000000e+08
1.111111111111111382e+00 1.291360000000000000e+08
1.166666666666666963e+00 1.292930000000000000e+08
1.222222222222222543e+00 1.294410000000000000e+08
1.277777777777778123e+00 1.296150000000000000e+08
1.333333333333333703e+00 1.297360000000000000e+08
1.388888888888889284e+00 1.299340000000000000e+08
1.444444444444444864e+00 1.300650000000000000e+08
1.500000000000000444e+00 1.302200000000000000e+08
1.555555555555556024e+00 1.303850000000000000e+08
1.611111111111111605e+00 1.305320000000000000e+08
1.666666666666667185e+00 1.306630000000000000e+08
1.722222222222222765e+00 1.308560000000000000e+08
1.777777777777778345e+00 1.309830000000000000e+08
1.833333333333333925e+00 1.312020000000000000e+08
1.888888888888889506e+00 1.313230000000000000e+08
1.944444444444445086e+00 1.314350000000000000e+08
2.000000000000000444e+00 1.316230000000000000e+08
2.055555555555555802e+00 1.317740000000000000e+08
2.111111111111111160e+00 1.319460000000000000e+08
2.166666666666666519e+00 1.321070000000000000e+08
2.222222222222221877e+00 1.322760000000000000e+08
2.277777777777777235e+00 1.323980000000000000e+08
2.333333333333332593e+00 1.325690000000000000e+08
2.388888888888887951e+00 1.327310000000000000e+08
2.444444444444443310e+00 1.328870000000000000e+08
2.499999999999998668e+00 1.330280000000000000e+08
2.555555555555554026e+00 1.331670000000000000e+08
2.611111111111109384e+00 1.333560000000000000e+08
2.666666666666664742e+00 1.335110000000000000e+08
2.722222222222220100e+00 1.336340000000000000e+08
2.777777777777775459e+00 1.338250000000000000e+08
2.833333333333330817e+00 1.339810000000000000e+08
2.888888888888886175e+00 1.341560000000000000e+08
2.944444444444441533e+00 1.343160000000000000e+08
2.999999999999996891e+00 1.344720000000000000e+08
