0.000000000000000000e+00 1.000170000000000000e+08
4.615384615384615641e-02 1.262600000000000000e+08
9.230769230769231282e-02 1.263840000000000000e+08
1.384615384615384692e-01 1.264910000000000000e+08
1.846153846153846256e-01 1.266720000000000000e+08
2.307692307692307820e-01 1.267680000000000000e+08
2.769230769230769384e-01 1.268830000000000000e+08
3.230769230769230949e-01 1.269880000000000000e+08
3.692307692307692513e-01 1.271540000000000000e+08
4.153846153846154077e-01 1.272760000000000000e+08
4.615384615384615641e-01 1.273900000000000000e+08
5.076923076923076650e-01 1.275270000000000000e+08
5.538461538461538769e-01 1.276600000000000000e+08
6.000000000000000888e-01 1.277810000000000000e+08
6.461538461538463007e-01 1.278950000000000000e+08
6.923076923076925127e-01 1.280400000000000000e+08
7.384615384615387246e-01 1.281490000000000000e+08
7.846153846153849365e-01 1.282810000000000000e+08
8.307692307692311484e-01 1.283730000000000000e+08
8.769230769230773603e-01 1.285280000000000000e+08
9.230769230769235723e-01 1.286470000000000000e+08
9.692307692307697842e-01 1.287990000000000000e+08
1.015384615384615996e+00 1.289230000000000000e+08
1.061538461538462208e+00 1.290020000000000000e+08
1.107692307692308420e+00 1.291520000000000000e+08
1.153846153846154632e+00 1.292800000000000000e+08
1.200000000000000844e+00 1.293960000000000000e+08
1.246153846153847056e+00 1.295480000000000000e+08
1.292307692307693268e+00 1.297140000000000000e+08
1.338461538461539480e+00 1.298260000000000000e+08
1.384615384615385691e+00 1.299710000000000000e+08
1.430769230769231903e+00 1.300710000000000000e+08
1.476923076923078115e+00 1.302030000000000000e+08
1.523076923076924327e+00 1.303310000000000000e+08
1.569230769230770539e+00 1.304440000000000000e+08
1.615384615384616751e+00 1.305850000000000000e+08
1.661538461538462963e+00 1.306970000000000000e+08
1.707692307692309175e+00 1.308470000000000000e+08
1.753846153846155387e+00 1.309390000000000000e+08
1.800000000000001599e+00 1.310920000000000000e+08
1.846153846153847811e+00 1.312160000000000000e+08
1.892307692307694023e+00 1.313480000000000000e+08
1.938461538461540234e+00 1.315110000000000000e+08
1.984615384615386446e+00 1.316130000000000000e+08
2.030769230769232436e+00 1.317600000000000000e+08
2.076923076923078426e+00 1.318620000000000000e+08
2.123076923076924416e+00 1.319730000000000000e+08
2.169230769230770406e+00 1.321190000000000000e+08
2.215384615384616396e+00 1.322740000000000000e+08
2.261538461538462386e+00 1.323880000000000000e+08
2.307692307692308376e+00 1.325330000000000000e+08
2.353846153846154365e+00 1.326300000000000000e+08
2.400000000000000355e+00 1.327980000000000000e+08
2.446153846153846345e+00 1.328840000000000000e+08
2.492307692307692335e+00 1.330430000000000000e+08
2.538461538461538325e+00 1.331600000000000000e+08
2.584615384615384315e+00 1.333020000000000000e+08
2.630769230769230305e+00 1.334380000000000000e+08
2.676923076923076295e+00 1.335740000000000000e+08
2.723076923076922284e+00 1.337050000000000000e+08
2.769230769230768274e+00 1.338320000000000000e+08
2.815384615384614264e+00 1.340010000000000000e+08
2.861538461538460254e+00 1.341050000000000000e+08
2.907692307692306244e+00 1.342350000000000000e+08
2.953846153846152234e+00 1.344170000000000000e+08
2.999999999999998224e+00 1.344990000000000000e+08
