NEUTYP 1 1 1 1 1 1 1 1 1 1 1 1 1 1 1 1 1 1 1 1 1 1 1 1 1 1 1 1 1 1 1 1 1 1 1 1 1 1 1 1 1 1 1 1 1 1 1 1 1 1 1 1 1 1 1 1 1 1 1 1 1 1 1 1 1 1 1 1 1 1 1 1 1 1 1 1 1 1 1 1 1 1 1 1 1 1 1 1 1 1 1 1 1 1 1 1 1 1 1 1 1 1 1 1 1 1 1 1 1 1 1 1 1 1 1 1 1 1 1 1 1 1 1 1 1 1 1 1 1 1 1 1 1 1 1 1 1 1 1 1 1 1 1 1 1 1 1 1 1 1 1 1 1 1 1 1 1 1 1 1 1 1 1 1 1 1 1 1 1 1 1 1 1 1 1 1 1 1 1 1 1 1 1 1 1 1 1 1 1 1 1 1 1 1 1 1 1 1 1 1 1 1 1 1 1 1 1 1 1 1 1 1 1 1 1 1 1 1 1 1 1 1 1 1 1 1 1 1 1 1 1 1 1 1 1 1 1 1 1 1 1 1 1 1 1 1 1 1 1 1 1 1 1 1 1 1 1 1 1 1 1 1 1 1 1 1 1 1 1 1 1 1 1 1 1 1 1 1 1 1 1 1 1 1 1 1 1 1 1 1 1 1 1 1 1 1 1 1 1 1 1 1 1 1 1 1 1 1 1 1 1 1 1 1 1 1 1 1 1 1 1 1 1 1 1 1 1 1 1 1 1 1 1 1 1 1 1 1 1 1 1 1 1 1 1 1 1 1 1 1 1 1 1 1 1 1 1 1 1 1 1 1 1 1 1 1 1 1 1 1 1 1 1 1 1 1 1 1 1 1 1 1 1 1 1 1 1 1 1 1 1 1 1 1 1 1 1 1 1 1 1 1 1 1 1 1 1 1 1 1 1 1 1 1 1 1 1 1 1 1 1 1 1 1 1 1 1 1 1 1 1 1 1 1 1 1 1 1 1 1 1 1 1 1 1 1 1 1 1 1 1 1 1 1 1 1 1 1 1 1 1 1 1 1 1 1 1 1 1 1 1 1 1 1 1 1 1 1 1 1 1 1 1 1 1 1 1 1 1 1 1 1 1 1 1 1 1 1 1 1 1 1 1 1 1 1 1 1 1 1 1 1 1 1 1 1 1 1 1 1 1 1 1 1 1 1 1 1 1 1 1 1 1 1 1 1 1 1 1 1 1 1 1 1 1 1 1 1 1 1 1 1 1 1 1 1 1 1 1 1 1 1 1 1 1 1 1 1 1 1 1 1 1 1 1 1 1 1 1 1 1 1 1 1 1 1 1 1 1 1 1 1 1 1 1 1 1 1 1 1 1 1 1 1 1 1 1 1 1 1 1 1 1 1 1 1 1 1 1 1 1 1 1 1 1 1 1 1 1 1 1 1 1 1 1 1 1 1 1 1 1 1 1 1 1 1 1 1 1 1 1 1 1 1 1 1 1 1 1 1 1 1 1 1 1 1 1 1 1 1 1 1 1 1 1 1 1 1 1 1 1 1 1 1 1 1 1 1 1 1 1 1 1 1 1 1 1 1 1 1 1 1 1 1 1 1 1 1 1 1 1 1 1 1 1 1 1 1 1 1 1 1 1 1 1 1 1 1 1 1 1 1 1 1 1 1 1 1 1 1 1 1 1 1 1 1 1 1 1 1 1 1 1 1 1 1 1 1 1 1 1 1 1 1 1 1 1 1 1 1 1 1 1 1 1 1 1 1 1 1 1 1 1 1 1 1 1 1 1 1 1 1 1 1 1 1 1 1 1 1 1 1 1 1 1 1 1 1 1 1 1 1 1 1 1 1 1 1 1 1 1 1 1 1 1 1 1 1 1 1 1 1 1 1 1 1 1 1 1 1 1 1 1 1 1 1 1 1 1 1 1 1 1 1 1 1 1 1 1 1 1 1 1 1 1 1 1 1 1 1 1 1 1 1 1 1 1 1 1 1 1 1 1 1 1 1 1 1 1 1 1 1 1 1 1 1 1 1 1 1 1 1 1 1 1 1 1 1 1 1 1 1 1 1 1 1 1 1 1 1 1 1 1 1 1 1 1 1 1 1 1 1 1 1 1 1 1 1 1 1 1 1 1 1 1 1 1 1 1 1 1 1 1 1 1 1 1 1 1 1 1 1 1 1 1 1 1 1 1 1 1 1 1 1 1 1 1 1 1 1 1 1 1 1 1 1 1 1 1 1 1 1 1 1 1 1 1 1 1 1 1 1 1 1 1 1 1 1 1 1 1 1 1 1 1 1 1 1 1 1 1 1 1 1 1 1 1 1 1 1 1 1 1 1 1 1 1 1 1 1 1 1 1 1 1 1 1 1 1 1 1 1 1 1 1 1 1 1 1 1 1 1 1 1 1 1 1 1 1 1 1 1 1 1 1 1 1 1 1 1 1 1 1 1 1 1 1 1 1 1 1 1 1 1 1 1 1 1 1 1 1 1 1 1 1 1 1 1 1 1 1 1 1 1 1 1 1 1 1 1
1 15719
IADXSO 19033
NFLXSO 49
1
0.00000000E+00 300.000000 600.000000 900.000000 1200.00000 1500.00000 1800.00000 2100.00000 2400.00000 2700.00000 3000.00000 3300.00000 3600.00000 3900.00000 4200.00000 4500.00000 4800.00000 5100.00000 5400.00000 5700.00000 6000.00000 6300.00000 6600.00000 6900.00000 7200.00000 7500.00000 7800.00000 8100.00000 8400.00000 8700.00000 9000.00000 9300.00000 9600.00000 9900.00000 10200.0000 10500.0000 10800.0000 11100.0000 11400.0000 11700.0000 12000.0000 13000.0000 15000.0000 20000.0000 24000.0000 28000.0000 32000.0000 36000.0000 40000.0000
1.78897996E-02 2.01498996E-02 0.278627604 2.66850994E-13 0.00000000E+00 0.00000000E+00 0.471111000
NOT IN EQUILIBRIUM
DERIVATIVE
1.79676674E-02 2.00005788E-02 0.278627604 2.66850994E-13 0.00000000E+00 0.00000000E+00 0.471111000
1.79733001E-02 2.00705994E-02 0.278336763 2.65231007E-13 0.00000000E+00 0.00000000E+00 0.470122010
NOT IN EQUILIBRIUM
DERIVATIVE
1.80511680E-02 1.99218653E-02 0.278336763 2.65231007E-13 0.00000000E+00 0.00000000E+00 0.470122010
1.80383008E-02 2.00967994E-02 0.277837962 2.64835002E-13 0.00000000E+00 0.00000000E+00 0.468706995
NOT IN EQUILIBRIUM
DERIVATIVE
1.81161687E-02 1.99478716E-02 0.277837962 2.64835002E-13 0.00000000E+00 0.00000000E+00 0.468706995
1.80939008E-02 2.01238003E-02 0.277394027 2.64493993E-13 0.00000000E+00 0.00000000E+00 0.467476010
NOT IN EQUILIBRIUM
DERIVATIVE
1.81717686E-02 1.99746732E-02 0.277394027 2.64493993E-13 0.00000000E+00 0.00000000E+00 0.467476010
1.81463007E-02 2.01424006E-02 0.277006775 2.64087011E-13 0.00000000E+00 0.00000000E+00 0.466380000
NOT IN EQUILIBRIUM
DERIVATIVE
1.82241686E-02 1.99931357E-02 0.277006775 2.64087011E-13 0.00000000E+00 0.00000000E+00 0.466380000
1.81962997E-02 2.01526992E-02 0.276668787 2.63611995E-13 0.00000000E+00 0.00000000E+00 0.465398997
NOT IN EQUILIBRIUM
DERIVATIVE
1.82741676E-02 2.00033579E-02 0.276668787 2.63611995E-13 0.00000000E+00 0.00000000E+00 0.465398997
1.82440002E-02 2.01555993E-02 0.276359141 2.63075992E-13 0.00000000E+00 0.00000000E+00 0.464511007
NOT IN EQUILIBRIUM
DERIVATIVE
1.83218680E-02 2.00062357E-02 0.276359141 2.63075992E-13 0.00000000E+00 0.00000000E+00 0.464511007
1.82898995E-02 2.01520994E-02 0.276089042 2.62486999E-13 0.00000000E+00 0.00000000E+00 0.463712990
NOT IN EQUILIBRIUM
DERIVATIVE
1.83677673E-02 2.00027619E-02 0.276089042 2.62486999E-13 0.00000000E+00 0.00000000E+00 0.463712990
1.83339007E-02 2.01430004E-02 0.275837719 2.61853988E-13 0.00000000E+00 0.00000000E+00 0.462994009
NOT IN EQUILIBRIUM
DERIVATIVE
1.84117686E-02 1.99937299E-02 0.275837719 2.61853988E-13 0.00000000E+00 0.00000000E+00 0.462994009
1.83761008E-02 2.01290995E-02 0.275625587 2.61183002E-13 0.00000000E+00 0.00000000E+00 0.462348014
NOT IN EQUILIBRIUM
DERIVATIVE
1.84539687E-02 1.99799333E-02 0.275625587 2.61183002E-13 0.00000000E+00 0.00000000E+00 0.462348014
1.84166003E-02 2.01107003E-02 0.275436580 2.60476997E-13 0.00000000E+00 0.00000000E+00 0.461762995
NOT IN EQUILIBRIUM
DERIVATIVE
1.84944682E-02 1.99616700E-02 0.275436580 2.60476997E-13 0.00000000E+00 0.00000000E+00 0.461762995
1.84553992E-02 2.00884007E-02 0.275263697 2.59741013E-13 0.00000000E+00 0.00000000E+00 0.461237013
NOT IN EQUILIBRIUM
DERIVATIVE
1.85332671E-02 1.99395362E-02 0.275263697 2.59741013E-13 0.00000000E+00 0.00000000E+00 0.461237013
1.84930004E-02 2.00629998E-02 0.275113761 2.58982993E-13 0.00000000E+00 0.00000000E+00 0.460770011
NOT IN EQUILIBRIUM
DERIVATIVE
1.85708683E-02 1.99143235E-02 0.275113761 2.58982993E-13 0.00000000E+00 0.00000000E+00 0.460770011
1.85288992E-02 2.00344007E-02 0.274986655 2.58201988E-13 0.00000000E+00 0.00000000E+00 0.460350990
NOT IN EQUILIBRIUM
DERIVATIVE
1.86067671E-02 1.98859349E-02 0.274986655 2.58201988E-13 0.00000000E+00 0.00000000E+00 0.460350990
1.85633004E-02 2.00031009E-02 0.274868757 2.57402010E-13 0.00000000E+00 0.00000000E+00 0.459973991
NOT IN EQUILIBRIUM
DERIVATIVE
1.86411683E-02 1.98548678E-02 0.274868757 2.57402010E-13 0.00000000E+00 0.00000000E+00 0.459973991
1.85968000E-02 1.99696999E-02 0.274782628 2.56589997E-13 0.00000000E+00 0.00000000E+00 0.459648997
NOT IN EQUILIBRIUM
DERIVATIVE
1.86746679E-02 1.98217146E-02 0.274782628 2.56589997E-13 0.00000000E+00 0.00000000E+00 0.459648997
1.86282005E-02 1.99334994E-02 0.274676234 2.55757004E-13 0.00000000E+00 0.00000000E+00 0.459347993
NOT IN EQUILIBRIUM
DERIVATIVE
1.87060684E-02 1.97857823E-02 0.274676234 2.55757004E-13 0.00000000E+00 0.00000000E+00 0.459347993
1.86595004E-02 1.98964998E-02 0.274628699 2.54924012E-13 0.00000000E+00 0.00000000E+00 0.459107012
NOT IN EQUILIBRIUM
DERIVATIVE
1.87373683E-02 1.97490565E-02 0.274628699 2.54924012E-13 0.00000000E+00 0.00000000E+00 0.459107012
1.86886005E-02 1.98567007E-02 0.274554044 2.54068007E-13 0.00000000E+00 0.00000000E+00 0.458876014
NOT IN EQUILIBRIUM
DERIVATIVE
1.87664684E-02 1.97095517E-02 0.274554044 2.54068007E-13 0.00000000E+00 0.00000000E+00 0.458876014
1.87174007E-02 1.98164005E-02 0.274533719 2.53216989E-13 0.00000000E+00 0.00000000E+00 0.458701998
NOT IN EQUILIBRIUM
DERIVATIVE
1.87952686E-02 1.96695514E-02 0.274533719 2.53216989E-13 0.00000000E+00 0.00000000E+00 0.458701998
1.87445991E-02 1.97739992E-02 0.274490744 2.52351010E-13 0.00000000E+00 0.00000000E+00 0.458541989
NOT IN EQUILIBRIUM
DERIVATIVE
1.88224670E-02 1.96274631E-02 0.274490744 2.52351010E-13 0.00000000E+00 0.00000000E+00 0.458541989
1.87708996E-02 1.97305009E-02 0.274463624 2.51479013E-13 0.00000000E+00 0.00000000E+00 0.458413005
NOT IN EQUILIBRIUM
DERIVATIVE
1.88487675E-02 1.95842870E-02 0.274463624 2.51479013E-13 0.00000000E+00 0.00000000E+00 0.458413005
1.87960993E-02 1.96858998E-02 0.274447799 2.50604008E-13 0.00000000E+00 0.00000000E+00 0.458312005
NOT IN EQUILIBRIUM
DERIVATIVE
1.88739672E-02 1.95400175E-02 0.274447799 2.50604008E-13 0.00000000E+00 0.00000000E+00 0.458312005
1.88206006E-02 1.96403991E-02 0.274441034 2.49724991E-13 0.00000000E+00 0.00000000E+00 0.458236992
NOT IN EQUILIBRIUM
DERIVATIVE
1.88984685E-02 1.94948539E-02 0.274441034 2.49724991E-13 0.00000000E+00 0.00000000E+00 0.458236992
1.88439991E-02 1.95937995E-02 0.274443269 2.48841990E-13 0.00000000E+00 0.00000000E+00 0.458184004
NOT IN EQUILIBRIUM
DERIVATIVE
1.89218670E-02 1.94485988E-02 0.274443269 2.48841990E-13 0.00000000E+00 0.00000000E+00 0.458184004
1.88664999E-02 1.95463002E-02 0.274452329 2.47954001E-13 0.00000000E+00 0.00000000E+00 0.458149999
NOT IN EQUILIBRIUM
DERIVATIVE
1.89443678E-02 1.94014516E-02 0.274452329 2.47954001E-13 0.00000000E+00 0.00000000E+00 0.458149999
1.88884996E-02 1.94982998E-02 0.274474919 2.47067991E-13 0.00000000E+00 0.00000000E+00 0.458146006
NOT IN EQUILIBRIUM
DERIVATIVE
1.89663675E-02 1.93538070E-02 0.274474919 2.47067991E-13 0.00000000E+00 0.00000000E+00 0.458146006
1.89094003E-02 1.94493998E-02 0.274497539 2.46177997E-13 0.00000000E+00 0.00000000E+00 0.458155006
NOT IN EQUILIBRIUM
DERIVATIVE
1.89872682E-02 1.93052702E-02 0.274497539 2.46177997E-13 0.00000000E+00 0.00000000E+00 0.458155006
1.89298000E-02 1.94000006E-02 0.274526924 2.45288002E-13 0.00000000E+00 0.00000000E+00 0.458187014
NOT IN EQUILIBRIUM
DERIVATIVE
1.90076679E-02 1.92562360E-02 0.274526924 2.45288002E-13 0.00000000E+00 0.00000000E+00 0.458187014
1.89495999E-02 1.93501003E-02 0.274581194 2.44400013E-13 0.00000000E+00 0.00000000E+00 0.458240002
NOT IN EQUILIBRIUM
DERIVATIVE
1.90274678E-02 1.92067064E-02 0.274581194 2.44400013E-13 0.00000000E+00 0.00000000E+00 0.458240002
1.89683009E-02 1.92993004E-02 0.274617404 2.43506007E-13 0.00000000E+00 0.00000000E+00 0.458299994
NOT IN EQUILIBRIUM
DERIVATIVE
1.90461688E-02 1.91562828E-02 0.274617404 2.43506007E-13 0.00000000E+00 0.00000000E+00 0.458299994
1.89864002E-02 1.92482006E-02 0.274660408 2.42614007E-13 0.00000000E+00 0.00000000E+00 0.458377987
NOT IN EQUILIBRIUM
DERIVATIVE
1.90642681E-02 1.91055611E-02 0.274660408 2.42614007E-13 0.00000000E+00 0.00000000E+00 0.458377987
1.90038998E-02 1.91964991E-02 0.274712443 2.41721004E-13 0.00000000E+00 0.00000000E+00 0.458469987
NOT IN EQUILIBRIUM
DERIVATIVE
1.90817676E-02 1.90542433E-02 0.274712443 2.41721004E-13 0.00000000E+00 0.00000000E+00 0.458469987
1.90210994E-02 1.91446003E-02 0.274775863 2.40832013E-13 0.00000000E+00 0.00000000E+00 0.458582014
NOT IN EQUILIBRIUM
DERIVATIVE
1.90989673E-02 1.90027282E-02 0.274775863 2.40832013E-13 0.00000000E+00 0.00000000E+00 0.458582014
1.90376993E-02 1.90925002E-02 0.274848342 2.39945000E-13 0.00000000E+00 0.00000000E+00 0.458709002
NOT IN EQUILIBRIUM
DERIVATIVE
1.91155672E-02 1.89510155E-02 0.274848342 2.39945000E-13 0.00000000E+00 0.00000000E+00 0.458709002
1.90536007E-02 1.90398004E-02 0.274914086 2.39056008E-13 0.00000000E+00 0.00000000E+00 0.458842993
NOT IN EQUILIBRIUM
DERIVATIVE
1.91314686E-02 1.88987050E-02 0.274914086 2.39056008E-13 0.00000000E+00 0.00000000E+00 0.458842993
1.90689005E-02 1.89868007E-02 0.274982125 2.38168995E-13 0.00000000E+00 0.00000000E+00 0.458988994
NOT IN EQUILIBRIUM
DERIVATIVE
1.91467684E-02 1.88460983E-02 0.274982125 2.38168995E-13 0.00000000E+00 0.00000000E+00 0.458988994
1.90839991E-02 1.89337991E-02 0.275066078 2.37285994E-13 0.00000000E+00 0.00000000E+00 0.459152013
NOT IN EQUILIBRIUM
DERIVATIVE
1.91618670E-02 1.87934898E-02 0.275066078 2.37285994E-13 0.00000000E+00 0.00000000E+00 0.459152013
1.90983992E-02 1.88803002E-02 0.275141001 2.36401990E-13 0.00000000E+00 0.00000000E+00 0.459320009
NOT IN EQUILIBRIUM
DERIVATIVE
1.91762671E-02 1.87403876E-02 0.275141001 2.36401990E-13 0.00000000E+00 0.00000000E+00 0.459320009
1.91127993E-02 1.88270994E-02 0.275247782 2.35526008E-13 0.00000000E+00 0.00000000E+00 0.459509999
NOT IN EQUILIBRIUM
DERIVATIVE
1.91906672E-02 1.86875816E-02 0.275247782 2.35526008E-13 0.00000000E+00 0.00000000E+00 0.459509999
1.91261005E-02 1.87730007E-02 0.275318295 2.34644010E-13 0.00000000E+00 0.00000000E+00 0.459692001
NOT IN EQUILIBRIUM
DERIVATIVE
1.92039683E-02 1.86338834E-02 0.275318295 2.34644010E-13 0.00000000E+00 0.00000000E+00 0.459692001
1.91696007E-02 1.85925998E-02 0.275637001 2.31733008E-13 0.00000000E+00 0.00000000E+00 0.460375011
NOT IN EQUILIBRIUM
DERIVATIVE
1.92474686E-02 1.84548199E-02 0.275637001 2.31733008E-13 0.00000000E+00 0.00000000E+00 0.460375011
1.92450993E-02 1.82322003E-02 0.276349962 2.26041001E-13 0.00000000E+00 0.00000000E+00 0.461966008
NOT IN EQUILIBRIUM
DERIVATIVE
1.93229672E-02 1.80970896E-02 0.276349962 2.26041001E-13 0.00000000E+00 0.00000000E+00 0.461966008
1.93898007E-02 1.73719004E-02 0.278332114 2.12890998E-13 0.00000000E+00 0.00000000E+00 0.466511995
NOT IN EQUILIBRIUM
DERIVATIVE
1.94676686E-02 1.72431655E-02 0.278332114 2.12890998E-13 0.00000000E+00 0.00000000E+00 0.466511995
1.94786005E-02 1.67430993E-02 0.279930919 2.03642997E-13 0.00000000E+00 0.00000000E+00 0.470248997
NOT IN EQUILIBRIUM
DERIVATIVE
1.95564684E-02 1.66190248E-02 0.279930919 2.03642997E-13 0.00000000E+00 0.00000000E+00 0.470248997
1.95570998E-02 1.62012000E-02 0.281327188 1.95814000E-13 0.00000000E+00 0.00000000E+00 0.473491997
NOT IN EQUILIBRIUM
DERIVATIVE
1.96349677E-02 1.60811413E-02 0.281327188 1.95814000E-13 0.00000000E+00 0.00000000E+00 0.473491997
1.96323004E-02 1.57625992E-02 0.282430828 1.89527999E-13 0.00000000E+00 0.00000000E+00 0.475964993
NOT IN EQUILIBRIUM
DERIVATIVE
1.97101682E-02 1.56457908E-02 0.282430828 1.89527999E-13 0.00000000E+00 0.00000000E+00 0.475964993
1.97062008E-02 1.54253002E-02 0.283174604 1.84703002E-13 0.00000000E+00 0.00000000E+00 0.477580011
NOT IN EQUILIBRIUM
DERIVATIVE
1.97840687E-02 1.53109906E-02 0.283174604 1.84703002E-13 0.00000000E+00 0.00000000E+00 0.477580011
1.97793003E-02 1.51773999E-02 0.283588976 1.81140002E-13 0.00000000E+00 0.00000000E+00 0.478404999
NOT IN EQUILIBRIUM
DERIVATIVE
1.98571682E-02 1.50649277E-02 0.283588976 1.81140002E-13 0.00000000E+00 0.00000000E+00 0.478404999
